100
121
16 15 59.88703449022129
34 28 522.7855188650469
38 49 75.93674376650267
83 29 492.04716830753637
44 58 32.72367718935081
6 96 91.41999745631361
10 18 240.46229210086994
11 51 395.9723936039107
2 8 100.23693398241988
82 56 147.27515283938837
84 58 214.85659193209136
42 54 425.4632630291566
39 99 254.52362033638855
38 29 55.68724647261849
92 18 283.25243798893615
48 50 8.637450455940424
22 6 33.788599955730845
73 3 28.56228620665437
69 84 70.63518046055893
65 63 183.95167754564866
70 3 74.77985295491884
36 76 281.8164831043594
86 28 73.15231872344766
47 34 212.0498179282655
23 96 372.78644529753626
21 90 38.55075252304735
50 15 174.74542742750137
95 79 81.39804144790195
18 38 164.10978862604915
60 58 343.5706652791948
63 57 164.5697365207586
13 56 153.41134229751341
31 84 35.10596744483096
28 77 1132.8240443255086
90 56 159.03882490469755
46 30 168.6697544092722
46 19 119.82742788221759
84 18 252.42518825583414
95 50 125.15639788348491
94 4 43.6428613227301
74 97 412.17048871809527
37 17 463.64689469675227
60 13 166.45309525604856
49 91 586.133575559449
51 14 218.98119762758822
58 20 100.81918710990858
1 44 286.6049513237208
80 11 266.21126951946536
91 51 156.45287288568605
87 15 247.80155360587207
72 99 18.75108196191996
59 41 77.02657440915195
79 65 276.03737500620207
38 77 373.6564934479882
78 4 154.44257792411872
8 9 66.87863277633716
14 63 160.6169720344377
98 47 16.31696073586211
88 3 38.73181864883751
11 46 54.50234208935573
26 90 330.16924199987864
89 40 100.23522714414722
92 97 229.00324238312317
76 21 198.04037436862868
56 46 159.3105983656184
44 6 77.92660492070237
54 38 45.642510628386916
97 33 164.26983041942452
36 88 83.20107444859026
69 17 387.4258938708361
44 78 658.9687795735449
71 93 182.0995888212616
75 20 124.80674641469069
92 22 133.6499927154424
3 47 333.7908301171899
72 48 189.60230425494797
15 49 29.911525079249863
23 1 34.930622031913046
5 80 52.04500086112539
84 39 89.24605991180763
42 58 386.4072735551349
56 17 108.600918489721
90 92 321.9282733788239
38 73 116.11184800398055
53 81 167.55972233817607
95 8 293.75681541653785
84 87 558.7714894822387
62 50 200.01797612381287
77 2 203.18889374485732
13 18 61.520802841426224
41 30 163.45245682257783
10 43 4.970331220506026
99 38 86.67149746172993
9 81 23.594176527396495
68 42 329.9652428078775
14 10 212.31209269874074
48 26 174.96747006848187
40 86 316.8742792920612
74 81 316.7130234972507
57 91 511.3702414059263
87 68 397.9872513408453
7 97 37.319838972149164
74 79 316.6011330256401
89 69 62.50979478519542
58 87 745.1870263369028
53 67 398.35590059002783
69 63 95.54904925955367
16 6 92.2345104819194
57 16 776.374966745284
40 64 5.782838197243111
16 44 187.2014276946031
73 57 198.88064036958508
52 26 133.5318761015238
47 96 371.260549566755
38 84 14.54098772530903
69 5 52.57392322541175
1 90 249.8631632612263
34 62 169.94610674407454
64 49 530.8285750378333
61 88 342.4583495748426
7 70 24.532983045962762
19.50318200940012 0.05333585674586447 24.66245747955351 78.52599071871703 5.968224034885443 10.135527961755496 8.099943364245643 7.6740685809299265 3.80585696647465 1.8268764531972845 37.595872768072994 0.9442268415545396 30.072482902761365 5.322436747570251 14.485427648973822 0.135127886104322 5.078128030220204 4.644493622767166 2.7842560326259393 45.255288733939345 18.56320324411707 19.092808414130886 6.558879071739182 7.995168804765521 3.1804353561404404 10.769257341016583 21.756887735670688 2.4737690036616473 13.265907652530917 4.8737160058597775 1.5091311153552234 0.6040486228405741 16.801586417018495 19.52232886183228 20.859444750333648 19.96092542714546 17.34060907127501 24.357201088054047 6.395495852464258 13.540406856252599 0.3176861587619268 4.3696982619494555 10.22449362058461 5.914265990702882 16.794118686822948 14.062404889627073 1.5684976565938278 8.284044658681797 1.1382282610052183 1.4108313130303285 0.16274152853954815 5.534342873054472 17.358987723058924 7.298457528543115 26.346043007902807 8.18927300142216 0.2410302398250537 0.28890150138990145 1.5492937951760193 6.015262763322854 10.80866568530352 1.83257069616775 5.566576774791129 7.13359580194429 7.024063498688609 23.751041372133873 13.158069745337457 3.214716503067815 8.110866099389952 5.200555829600443 1.885127949036034 2.6483006137690697 14.337294572204343 2.1093092572763656 19.72105494032369 25.298502647534775 2.512486292544376 1.8330064047308783 9.454998885069983 6.986661736775128 3.0971802524547365 32.71344594226616 2.71064628578483 7.908909183885267 18.318157766923488 16.76851572549811 3.54923215689762 4.639228049794974 7.624398217803311 8.70658463516704 8.506215213095045 1.0700783002039005 3.844677905773291 4.109013360034621 3.780088963723127 4.866836962209592 10.324986192372732 7.084869419074037 6.96017521016552 11.162618703195196
7
19
4 0 183.55274812535876
6 3 106.67174023152329
2 0 7.519097547484571
5 1 150.6709243025445
4 1 408.0149017788205
1 2 249.92422751948905
5 0 175.3981965553283
6 2 42.498409392012924
4 6 212.53738909759824
4 2 93.6763821187977
3 5 297.8034898463271
3 2 208.90193500870288
0 3 377.4569551017069
1 3 12.48841350454538
5 4 63.622342371659165
3 4 669.5431550509372
1 0 81.37841919023471
5 2 69.93481030901029
1 6 173.46862947739896
100 300 300 100 100 200 700
