100
805
36 71 208.81588882724063
89 43 89.408809140202
19 29 270.163953513256
86 42 311.04020665417966
88 98 23.020713794598688
8 84 635.9376210451688
55 72 140.94162797131432
29 80 37.89477670422006
2 7 114.61922311395958
65 41 180.7310171255445
51 22 36.30161390830224
46 11 81.8620747102524
55 53 203.78010813756893
98 60 69.53454245216403
26 1 48.100399327166485
46 22 313.65555153122756
53 28 277.6958869646522
76 43 111.59636783656678
87 82 51.865020296593556
45 53 77.03111307263093
74 57 160.07288508412648
23 26 138.8942053010755
15 79 241.38318534435027
24 74 58.99099055678011
98 31 61.27804897338874
67 43 94.69914983499837
36 58 290.31167426934365
31 74 22.935945780429883
25 24 31.27571488588621
45 19 419.657144411991
97 23 53.135890670406695
57 47 17.065965387108005
94 44 294.69335653862674
67 16 84.68806728941124
18 16 130.38242970003887
13 64 453.67575834782014
37 57 7.2404120529084866
88 79 146.6051563970403
26 36 239.783990833744
34 58 229.09165013194496
30 93 72.77445050433369
9 51 311.41334656296084
43 65 288.98159036638174
4 99 179.85774998664368
19 60 581.4708543559324
47 12 240.89896731404176
10 39 112.37553319464794
18 41 54.06880661218276
16 0 120.55892199737997
5 31 100.52088001254296
15 78 512.0056744103869
53 7 579.0929825900006
47 13 259.46002892150716
82 88 144.87550335272806
55 44 7.331205482484195
14 99 108.98180064716392
12 66 192.12338145907404
28 73 710.5531391909236
87 67 232.90410229966238
91 2 72.38486089709119
1 24 272.4323846647281
61 70 452.7877438315226
53 94 159.66345948871032
47 66 278.46957078030516
67 90 267.69187463378074
44 83 8.092285707172678
86 33 288.5878302657053
20 0 45.10466165689363
84 71 135.41960340028118
97 50 356.28545354110986
21 38 673.6888349491088
7 70 25.180700066941387
14 30 251.02853713844908
97 82 83.58383182282161
90 89 335.7832096696609
19 75 204.4085613167187
46 3 17.10010352824083
7 62 103.5152976599651
10 19 758.0560214116086
35 1 275.3602418132064
70 8 160.12103915140955
31 97 54.01566144519349
30 10 19.15372495201153
52 30 279.44536643118323
93 63 714.7416348869746
86 96 783.0330000133433
25 85 134.63832678016752
64 28 219.41960802432953
37 4 613.0226570068546
14 51 249.71035386607693
37 91 215.26360965420253
99 72 59.7618854487833
83 46 14.838297440469697
63 7 214.94929616306445
56 59 47.90671151372081
19 23 113.13134872420999
80 11 482.1495184645657
87 68 132.28058374023712
63 94 419.81628646319996
43 28 388.3733152290251
4 14 21.036587293299174
99 24 344.8012685453416
89 26 105.5547752578106
59 81 224.00074487739752
54 25 134.12106539473737
60 97 99.42852788623487
48 20 190.44782644249935
83 51 131.18215196292232
97 26 349.5057737310131
24 95 97.4825301006787
44 19 190.93433659926083
7 44 255.94984578271064
88 99 393.9026343460272
28 8 19.853110030429793
14 39 89.75482860479674
63 79 14.12228454816703
88 51 168.22258246029884
45 6 21.625372244194967
75 17 431.93898765380084
10 79 91.89673456544469
57 5 74.47980581443649
74 13 280.76400182967103
96 59 45.466892678479866
31 54 58.34006422755307
15 81 18.744021303832863
58 79 0.8819250514093916
24 85 465.3151168194433
3 50 154.57470594004224
0 47 262.8624963183253
86 37 45.43706971468202
57 31 77.72929996275569
65 35 32.79720685013374
79 59 276.7596108584844
42 34 373.5832973646398
8 15 0.17401308601783255
94 93 105.50268465663537
63 41 382.5458413093325
5 11 329.25606755426236
35 0 134.64741634700874
43 33 29.7631251029663
53 81 167.84065389134042
34 65 28.550988784809338
75 60 501.6372993953727
84 93 62.303684412167385
67 62 49.644311610896246
77 79 0.5007126378583053
22 64 264.60531238096746
28 65 67.09283743258968
24 49 162.49211196335398
97 59 20.583631379372783
81 55 389.7178170832164
80 10 26.339129119852263
43 2 220.8507703153717
81 47 51.07009759488822
80 2 24.21270703088214
6 10 394.36047699425274
57 75 121.78894549902107
45 76 242.3517771936348
56 76 34.48294186831595
83 96 443.4276032047123
85 3 318.5311888672418
56 99 247.12856899962742
33 71 75.04776081620896
95 99 13.165888306537141
2 68 288.423178790742
72 57 152.15384661877562
64 80 215.37634860751064
42 24 209.9828281433326
97 62 237.59709151917767
46 69 92.99097328753128
96 89 126.30376320758589
7 93 437.85029054321785
90 57 219.2551579316897
4 20 37.93816991610866
71 24 162.06301075845434
19 3 66.21150048196316
47 11 552.8490327215709
31 45 287.69113245898893
31 64 119.14056218204838
45 12 311.429998942223
73 17 62.99137954555759
82 86 104.94419480613904
91 62 78.10024584986445
97 48 145.20951540146436
55 24 172.5450146124721
27 37 319.9216254378583
39 19 142.66703878050967
53 21 162.95568652986333
25 20 58.51223456613781
31 20 88.6498879277778
61 57 6.371132229046409
31 43 37.43981971062767
32 61 192.88477767559488
33 97 105.06096886051152
4 44 7.157116654747697
18 76 33.30102862605781
61 59 71.88193521340818
90 23 526.6809430741694
87 24 57.172367684565984
42 59 86.91060745879147
27 3 2.177160439827975
28 69 89.78704388045952
75 82 259.2977457148388
45 13 112.46928611087532
64 94 554.1807122101559
69 66 153.96338646459472
72 60 588.798670319495
1 4 125.27235538339157
42 20 117.9126118083511
39 23 284.0366749315684
36 72 38.7879830093047
36 50 175.8802078236998
32 95 237.6481395193062
31 1 90.8199046040384
36 64 176.2511841383904
45 44 182.83586343279862
0 22 70.50671697650253
35 97 145.44738724280194
64 53 90.19577996591222
74 92 686.913791659841
80 51 88.77253844577584
58 87 65.11227725374242
84 51 79.44605964299711
64 68 39.6656548531343
54 43 291.08737188478864
77 37 93.50794337048595
35 41 148.9959669075374
19 89 173.58728236937836
42 60 213.76449454889953
20 15 469.4470181318634
76 50 71.92501366687493
66 95 54.42250200223565
41 30 79.4741153826681
51 30 210.9043701327673
22 44 161.74544994526644
92 12 541.4138423486792
74 14 1.9637946243441506
22 2 13.469211358207131
84 4 29.41870393154462
72 78 154.3022588445322
73 87 609.9808059530523
80 87 117.80000856998625
55 12 50.38905046416294
19 98 118.91031135836346
65 8 194.84400120765477
82 52 44.21849200572694
91 55 46.86185715947508
7 45 297.62272535560146
49 79 12.867640672607358
84 15 45.7495433663265
21 57 140.9122072268947
24 58 44.637940070871835
20 95 95.41899410491257
25 30 294.9595490132345
42 44 20.10413414148259
53 73 41.13911888640233
81 95 247.00387995733325
58 33 92.28978916722832
61 36 292.9595762975642
28 9 90.17075907053686
55 85 138.1957756702392
26 13 30.329862014193427
53 83 44.86224845644175
33 36 168.69738957687176
91 12 59.64428976309907
72 51 17.668296681762204
40 87 173.19487696853898
26 77 168.23412276719554
90 97 505.83287387832064
8 12 11.334377115803953
84 66 6.6767169661309325
7 76 300.46706032720454
32 12 50.190582626184074
31 39 82.62638420914826
7 95 293.16966444570676
73 19 121.28157773725721
39 15 16.01972920450208
76 70 13.296877299676504
73 30 98.3015163731732
42 26 348.2642185961567
20 85 56.008994750013905
6 19 242.04693436455585
86 25 158.040370885574
57 59 158.97090731623624
99 37 239.1048777273435
25 82 70.08561053251388
97 67 22.00792815945388
16 62 185.9974564546749
42 39 325.89296696711887
4 81 576.5747293793044
26 67 35.00590906502741
54 58 235.67268917162448
98 30 590.0275492866043
73 60 264.95241220402863
42 66 452.24731366139383
19 43 86.38800234168026
91 31 0.7078808683301535
55 8 700.2186274038935
59 36 71.67553875278007
90 91 193.423726496519
98 92 331.4861852386177
70 11 267.46357329788236
69 3 463.41370241562794
61 10 811.0619427737639
17 23 234.06582082447653
40 76 79.10479536944534
80 73 11.862958311812354
55 58 349.3546121415229
48 34 53.295225613677545
70 23 1.8846139486919815
1 8 102.39030237004498
47 2 320.0663557428415
74 16 189.04245489337956
9 32 165.34011061591008
56 38 265.84710819397725
85 10 49.23463665698735
42 33 5.3251177112083585
99 47 86.59063288370363
11 45 386.2096347913087
79 64 243.85868757527066
75 24 2.660724004580551
62 48 351.9971113912841
39 26 129.7026824148015
42 81 34.41461276464605
47 21 106.90200864663197
42 7 290.20585343776236
53 26 71.92962137396594
72 77 137.81819088614833
94 6 557.6967686938254
62 94 112.30083791282988
63 83 24.609030963424935
18 96 104.02099356880694
74 82 201.94804569143625
82 93 738.2656769528585
19 26 133.22153381884857
79 19 153.1758590287047
88 74 69.09470215102982
78 83 26.97115584454392
39 44 111.95501425023078
40 41 464.1785373462551
39 56 264.70884119299876
18 81 10.854049323841783
5 63 6.980262878120082
31 6 468.21573593320835
60 56 77.31419048749335
88 94 57.25302654861947
38 34 216.82657311841834
71 45 13.175069525945368
15 85 427.2665082206713
89 63 329.0941102101442
40 84 49.47918184549524
25 87 251.27404420289392
10 5 165.8336723346516
13 21 52.03191386807193
35 13 527.5995168074015
7 34 111.66522034163103
72 16 463.4599045150544
23 85 101.43129944013485
48 89 164.51708242651054
93 45 397.83827960036575
79 39 9.607189624514604
9 85 120.38531788111182
2 46 161.59959451694587
17 74 356.60840713362495
86 2 131.64634052998784
66 25 19.411426510668306
95 75 187.76610712936903
98 73 134.31039047268857
5 3 377.7889552974653
4 12 402.86769978896
16 54 261.77281331300543
70 32 37.05654911252635
55 89 202.496378601445
31 17 335.83861657750987
21 74 197.07040554187455
94 73 90.78967445023932
78 60 16.976850355678362
61 51 104.10740402157079
12 23 665.4020212197121
6 61 31.23678566628042
83 49 336.63805807867175
77 87 260.0736712993739
2 71 517.7909843295973
22 67 38.53880361051824
98 84 14.099951221156266
27 79 100.80138851485412
92 67 12.531496807624256
20 72 201.91106299513902
49 77 71.3433237598026
58 41 8.693078673448978
89 57 146.2948326586364
67 12 206.7311005296191
63 9 291.5517507445566
29 64 395.58436094669736
40 35 0.41776873451895935
5 73 191.17175056712864
82 55 22.649020637487965
12 36 157.84005202205185
60 29 73.70770007550071
2 4 81.98397209542445
50 12 297.93862880284644
18 19 172.88737821770195
72 1 105.49444264521087
27 86 211.57253380578837
30 32 196.36405634642068
44 79 241.37544258488794
61 54 92.03530891855175
28 20 8.097637275108838
86 69 302.9218522941914
11 73 263.78835633619065
17 7 297.40182889317526
82 42 349.64119501190703
56 53 128.74189579402028
63 69 1141.9840275683162
43 21 13.732678627327436
92 73 110.69765461016767
92 11 217.3583451250872
54 7 44.28948323363444
82 1 151.38003690760422
73 39 0.15117575001125813
10 53 18.510957200139824
71 70 180.82667440501464
8 43 355.2336024813922
85 68 305.10093926348384
92 62 150.47963895783084
29 26 396.0904941182594
15 25 50.86191908351878
37 84 414.95241003279847
62 58 95.72655706674253
91 9 13.825412979523133
91 20 118.81444736346214
41 80 70.88220001222379
10 69 132.5272117897719
97 65 367.95584750207456
12 18 318.80286786982634
79 70 244.52854189863552
67 99 47.47119116693234
58 70 6.307322047973317
15 70 12.006770354966566
17 96 204.95003083365572
0 59 625.144482241592
92 42 346.5992843642114
8 13 153.65065164252425
63 27 233.14027294679653
88 55 120.10747416243963
93 96 334.6508048687898
49 91 16.598599941872706
57 96 212.0863777641071
76 93 128.8428993428263
80 0 414.6670094164073
50 17 270.34953477417633
33 79 105.79675317710631
15 82 86.22515551512804
0 28 751.7831921299922
23 28 111.75848062986356
79 62 379.236468864705
6 55 414.8717088257112
13 80 80.6933248787601
40 4 120.14035346105096
39 58 509.9700564670269
60 91 143.4604900144088
50 82 480.6373627479914
33 62 8.984489427331958
95 25 109.83900813058843
19 63 311.52764123888437
20 12 77.33232380989755
44 53 26.637853774399588
53 1 210.66628518460178
30 62 159.17109041908756
18 49 117.90122730323338
50 0 51.99998445338822
47 63 209.9966189481282
57 15 474.64586309242003
97 40 307.11266158339953
37 78 65.3861316096527
28 62 192.930252918018
51 56 152.7002934067626
17 27 282.19660576350844
74 69 103.22874998338258
96 63 198.24535970846003
85 81 331.9786743590668
55 87 111.9580811203212
14 44 475.54701173372536
14 65 16.748579095619572
13 6 16.03721533725518
11 67 13.346935831662016
83 62 129.65314769626326
70 93 27.200978914779206
2 24 69.25099123709832
16 17 50.05317241431882
89 94 360.5280591351717
36 87 52.107471020184384
40 21 293.7032160487575
12 58 109.85292940933536
69 70 120.52109015069132
94 28 90.31750271922829
93 54 127.53431658944172
81 72 165.02066522928348
4 89 70.73378464493246
6 54 238.9492618281622
94 67 60.53782455176614
52 99 463.8043670029248
96 78 174.49066366231656
0 78 81.38216392108862
79 25 18.384367532357953
31 90 32.202116273873074
92 57 266.4066111967776
5 37 18.84264493689689
46 0 90.48482796476598
82 6 56.196510496021176
86 55 594.8412491276079
69 65 186.68704255563858
68 99 73.73160388269882
24 82 73.80657560063763
6 48 361.12673285177607
66 20 50.13928880670031
34 9 82.46408837960975
51 98 131.97329751805023
77 22 273.7382457858774
1 87 525.0593279012753
55 65 48.63718324694195
70 68 149.159295847023
84 30 293.6728227316061
7 71 500.26483578325224
10 35 117.37053284520702
9 52 29.46769832025613
5 8 61.19048648894074
28 83 491.0726794133742
79 61 147.68349768507636
27 72 24.406294324987652
14 73 264.1223764073005
10 17 10.78082168083751
15 30 127.17053814003776
18 82 105.99894611069571
33 99 177.03342290762373
10 75 25.868560405165685
13 3 126.41471547515614
9 25 507.07385820877613
19 37 249.88069267415952
83 36 301.7318288890114
52 50 337.63407309219133
88 50 12.662792705104723
53 37 43.187650277681264
22 69 106.84159562715504
55 14 108.3785680942196
96 46 468.8081137234657
68 98 55.471211795911834
60 96 12.573581533944214
39 68 39.89541381543214
38 90 169.86782356375244
35 51 308.09928023130277
24 20 79.45304936310562
33 35 143.89733314802
27 59 135.24787643918518
67 53 30.56968911435075
84 39 48.93715332243149
56 23 160.87917923058282
18 25 33.291218669420545
30 22 228.97053087738922
61 22 213.5596923880546
97 36 264.4002957975582
53 3 198.7505547946311
81 73 179.9685440150097
56 40 257.9976738688816
44 73 348.8896094813541
85 31 51.11544545209259
55 30 93.80847645790143
31 94 349.67843494532536
41 49 134.0149504468096
48 60 219.54124232395512
19 52 203.8562253527009
43 25 557.4338907951965
35 49 453.2651302482408
86 31 92.58556273359956
80 75 220.05789103106014
3 32 142.82158430940416
59 71 14.211060803991968
80 54 29.693808838839946
52 42 12.428597483585804
7 36 74.56121457954849
40 94 97.88237311222233
47 72 342.0210168913145
91 56 335.7447127143893
56 87 449.6481105424217
9 30 32.295752228664284
58 64 9.96220329008318
0 38 65.54521668563386
76 84 1931.3521258432368
84 47 676.2930077749809
27 74 86.20880546806734
53 14 104.12212869408637
65 59 37.74126942642066
5 29 93.90328803425774
86 56 75.11101350312443
63 67 61.328503214914306
54 90 285.885441269939
19 70 221.1676614922359
8 93 8.099080030676056
30 63 661.5500527785374
45 39 74.38628318686075
73 25 298.74761928796545
3 44 123.48519454432065
13 98 34.24712365710286
66 96 108.13380627552165
66 58 365.3194095437212
9 73 42.17431255257539
81 52 100.28273690992049
91 79 245.3154503804341
0 2 82.38859408711184
83 71 110.33349726649888
52 37 749.8548282343709
45 60 32.04845076003717
82 12 149.6549601705112
70 25 232.63514633825238
80 74 16.5885570527361
25 10 216.09037527850785
7 84 2.9975175619950867
62 8 33.52771635930726
21 34 49.985324695382566
50 53 642.8895254404634
70 16 44.399452452549355
55 99 66.0337761989912
5 93 311.3605862906036
91 43 225.2179981597076
56 77 254.11829293473235
70 82 91.30491751360746
38 76 230.42940547559948
79 8 55.40573795823129
65 79 42.908760638636224
40 2 196.16832162719632
81 24 227.03012640173137
84 6 71.5024423522178
82 69 143.82459676296858
85 95 272.87165586370816
36 21 106.38667687553654
63 43 254.39832539909906
59 83 599.4829365755065
8 58 11.044240358847638
73 99 150.26925050970115
89 18 92.94017962611656
40 85 262.2217773029877
96 88 240.1166571015619
40 16 28.421137851941854
2 13 201.36551615428067
8 96 198.08359052314376
85 79 360.8138647596463
14 12 112.02499409697435
22 54 66.26067223339331
57 4 56.45818473385198
20 78 335.35624885236575
5 39 213.64798033890037
61 17 226.77493497802
13 16 22.85847869606183
98 69 199.2857002877291
39 90 101.72911996681549
57 10 269.98789469104725
66 26 351.7385905863553
33 39 89.48969025321001
78 74 339.24480461991163
5 97 147.33497411911088
81 27 166.70714353040273
76 47 310.73669214638795
28 14 314.2604853172299
69 84 42.20447029735172
89 44 124.57696570148005
17 84 22.597800780532037
97 2 160.15367233855127
80 19 227.97542800360682
72 13 18.02090288998256
16 32 70.48004358133484
56 85 3.9558755122189355
46 66 80.89666424136523
37 65 194.96784025213714
67 52 225.86000849609843
69 44 179.91756665400885
90 43 83.22409659993
74 26 14.574134125256895
85 29 46.22747407545994
52 3 317.1720817739069
73 18 211.0177636320281
86 89 636.548060873006
52 25 382.79221063952116
79 31 418.1310438201766
44 23 379.0032900286806
35 11 110.02705236168609
57 80 199.0676092700432
73 21 31.978805521681874
55 61 249.6649742654069
16 42 41.58497616320442
65 78 379.8955920354137
87 72 205.26437174067854
44 59 347.82474802566463
71 0 297.14663174664315
57 54 126.19907931722234
72 44 840.9259768827177
82 11 821.9672277396518
61 69 245.79838196840979
69 39 7.906678066630921
47 22 742.9570360550134
59 15 112.24611500981332
75 58 100.15148623181538
38 11 127.04364704787507
64 69 368.02545044348915
77 34 49.534251178522645
83 39 33.14009304640359
71 61 0.9953702683293014
78 93 229.295826251622
71 90 59.002380163461034
89 27 142.35972123259145
72 26 794.7711865734005
70 86 34.55433775876012
90 18 168.56746333706866
84 25 242.68461491602955
5 89 30.483800913151065
16 3 142.78699992310752
46 10 497.35938701419246
88 62 32.78913423258646
18 91 233.53823712852545
8 50 904.9104764703673
69 62 119.96324462900687
83 75 397.2863285030945
9 57 161.83724837179187
64 97 406.64592418619935
72 25 364.14575591264065
88 59 93.23996007215956
56 41 32.13120618256954
3 17 309.92111806320435
57 51 568.1052011041007
5 83 49.19352892612205
74 49 535.7079459031592
64 2 519.3864475286292
32 43 93.50189379556578
11 87 318.36442380677715
70 80 2.760523404543566
3 48 271.99385654848675
41 47 22.71338971031491
63 55 100.15054337873511
24 44 103.76117915546776
33 76 604.913363273761
35 22 392.0364214346095
42 35 141.31564517034855
26 88 173.34798329712584
81 82 386.5604634042815
45 67 111.08349916576962
77 39 886.3068763746828
64 9 303.82870196119507
47 45 367.11570767209025
30 89 172.2417158999282
79 48 75.12293182833815
2 50 55.93463202014682
39 51 538.5728531883752
10 60 5.258350141391521
58 1 44.52242166231574
47 33 95.73899046648138
30 13 275.564220384528
86 47 484.1592047702947
42 0 602.7597519588653
39 1 24.869906997053977
6 78 23.517218079284337
17 68 151.62942807226477
71 55 493.0069868121687
19 87 269.9268434675937
70 54 483.95427616410433
33 51 26.59890464373206
80 66 1.2035286362552235
50 55 731.1394985302699
34 37 83.44040443331292
58 76 28.01313929767484
61 65 8.746580816728649
79 30 811.4353944476104
23 82 97.25430957058333
94 22 18.197449063939036
97 70 295.78348802262184
48 78 115.62866507713115
90 96 51.76462651630218
82 39 113.6998268836285
74 15 180.32660565927569
50 4 4.705503631025385
69 6 350.94979955571915
22 11 188.94149608982624
18 84 85.77073650874654
28 45 164.43757998390626
21 51 204.40849485439338
6 83 22.601952012899464
26 48 391.8021109756579
13 4 133.0506620718939
27 28 595.7512049836336
39 59 300.1770500628925
5 43 14.796918989106238
70 78 83.10508919056396
33 27 221.52334724134275
95 46 146.15676426111634
56 6 79.3546987858907
23 11 83.0610571428542
83 55 242.23728350704232
45 36 65.62769215692
28 74 284.074968707034
78 63 855.7455171547824
83 0 507.16959530074917
90 36 393.06823438183267
22 91 837.4675519081661
91 10 156.8265494006359
82 53 112.78887126533431
9 80 221.7898564863332
89 59 18.38413677017352
40.02170659111131 1.2263337663527092 16.950062121721665 9.023459830881164 10.956408754552092 1.7679272751150563 4.169447861006919 6.442254194073735 9.494149159420857 12.972965057441536 6.0651394133871435 5.3655548198286755 19.91200938771803 1.7932533640462962 5.886256581331425 33.29559657562519 4.751603048598343 13.63412683632168 15.022592532532244 1.0961898170982944 17.062758701553996 1.5045016086581176 9.551894565909588 8.22733234323956 0.45868232329076697 9.471976518363629 11.794777872494445 3.3806439790806837 6.813590520923233 22.59922948263744 6.654576746854266 6.045629220193045 4.670526940464759 9.572077817899455 2.33934971657777 16.975758243790434 13.435907550573416 0.18394314242484475 8.5380218264154 5.272305577786881 0.0430737110567014 15.974219382428366 7.964439799529348 2.55105872367516 2.520497397892776 30.754178989950077 5.460674806558008 18.03283993099126 11.141817295753649 16.024204978148667 6.343101655020725 15.40045339452951 13.711998045821229 8.112301528880362 3.9785115162231275 0.8261662707511901 0.3009942086125899 5.018918338658227 14.137599379483154 1.495888978860047 9.100235981212226 2.649212859509673 0.5387818763486603 3.618499207683723 1.502079487863302 2.621322995704127 10.16236550511902 1.9377141870465344 4.612341692074043 8.852575853584385 8.048890668335915 48.7065137205077 5.2819669967593 0.20216281848344914 8.826627944073257 9.969790284150823 5.230480439025516 1.9731340537069446 10.700862135266814 26.103756875518403 7.628012546371181 2.4768869273657677 13.715293306081684 8.677128683191249 16.283811270703904 16.094418157500957 2.8082216063991083 2.1972547384740992 12.254867354396136 28.089044819295225 33.53042734180063 16.101841874556428 9.44695513552668 5.112491929058182 3.6817633819107702 8.725444633764425 2.0530349949708873 9.330393030668372 1.7047975422863568 11.448769651732269
5
7
2 4 83.3619319767271
3 4 21.477225807949903
2 1 242.5939269965544
3 0 32.16876756766205
3 1 19.701008619615774
2 3 9.417541413779103
4 1 141.34376719899387
300 400 100 600 100
