100
1080
97 77 149.69061291351017
71 48 804.6855343343098
46 29 393.31671890578565
58 52 65.17917721791765
50 57 193.75016080616132
65 5 56.11831438748243
11 84 45.34675425277746
52 73 12.913515901334474
76 55 162.62151010872196
59 58 44.996296948200644
41 64 113.2322669955555
42 33 38.324874493218545
5 23 46.630712945642216
56 27 139.9575478971495
48 96 194.59347674469447
80 38 63.241593733489246
49 19 701.685750413732
47 8 42.079067022559464
77 19 181.30686750985805
98 14 471.2779718037214
85 68 317.639845141462
15 57 205.01478016693105
81 19 1339.6463481999997
19 51 2.627103044948092
5 81 10.149479784417577
28 32 335.81276366264035
30 19 69.77680692134174
22 32 166.58328113524374
10 25 153.414022057527
44 30 16.52396156802207
29 23 261.6407248579379
87 43 670.9482048051773
21 42 499.58584016831526
52 23 690.6307740869375
91 60 156.16921974168204
57 6 1.7275530564862758
78 19 30.434810030758573
89 41 82.62330487944509
51 39 869.9556618737312
26 90 52.64764932419453
73 46 100.16642172429968
6 27 8.200963093937224
64 97 13.997727134318177
70 60 60.301331629029484
55 53 182.60744565405872
23 91 575.5799864054874
65 19 43.57359736278996
91 35 88.93296705141488
35 80 106.82226329821319
98 7 66.97121673205584
20 55 102.16740973189087
82 52 250.40997374021785
57 61 55.689926934138114
37 69 213.60399910265807
33 76 19.67726759719593
6 7 30.468469938378988
49 83 321.91296507147325
91 14 198.8605191963147
5 0 401.67394691268515
92 79 331.60329691366604
49 54 88.32051291990877
58 23 483.3380881441842
83 3 50.711017941323355
56 3 65.38968813181909
57 64 501.61439132523327
56 79 34.35601218390197
51 35 257.70707086338024
25 1 198.20062389119911
50 2 45.92162858731237
30 49 18.5231615120145
66 99 121.63816620097161
60 11 248.11768832619143
35 22 140.7374208911437
81 33 60.98009320674459
35 20 106.10428189313785
35 17 186.07706459532838
5 37 35.39335616819767
38 96 0.8516193806058447
71 64 426.6380984131783
60 84 40.977564351567494
72 27 239.4890264135006
33 86 57.19663980467672
80 36 191.62794878445274
36 72 67.42851799502397
67 65 84.82799531109262
58 71 266.870454132847
34 35 42.10327203940935
22 0 97.21610520663751
78 1 12.478712626107377
44 48 396.93009415559186
2 31 215.34447301543656
30 85 360.8059951352494
9 24 489.7456083607071
56 87 227.66869541896978
30 86 88.6787690814116
15 71 223.90899513622088
24 4 28.08673268353088
16 69 4.28675668574736
38 13 102.4197861942077
64 28 260.3012279463277
43 22 552.613972913889
80 5 117.80403733865161
31 95 62.09485890390961
30 72 65.70124864073193
34 30 306.0529405501483
16 13 265.2867509971907
11 97 208.5124366266145
28 97 339.75646731292846
31 48 141.41460143569793
13 29 1073.5394270078446
54 68 173.54159026643225
60 21 133.41613535043507
94 50 113.94275550937746
29 20 775.5192241991123
31 12 304.0669751564535
99 41 256.13356073995993
2 39 133.91440631371475
75 89 28.689996841162156
48 68 940.3605284101931
31 13 29.919260631595197
41 63 425.09033769727307
96 2 5.3720589858967775
11 13 17.55183418597887
54 59 50.99608516738973
23 40 15.804985888858955
1 11 53.02233425831577
93 78 227.95060015550197
74 7 155.1486790903887
49 48 72.98801512085875
40 78 129.97551546311144
65 78 765.5430717334476
38 78 25.395172692919527
77 96 14.729209650857456
35 38 354.5450890883518
4 20 175.56102944701303
78 3 159.3992391593202
33 21 266.4773347855403
69 57 2.7958716021263186
26 57 34.932084297745796
52 55 241.2408750060188
55 61 149.92929673888014
2 86 125.73560574910114
59 85 345.8446790741804
49 67 121.19138540261065
20 40 844.4308208247214
95 10 187.1793044733682
73 31 84.56238597524347
90 85 370.7240011284178
54 16 41.847014440854124
64 26 465.3901057599618
3 58 95.05317382464968
77 93 511.22067750673307
71 19 408.2448398664967
24 97 247.40773807891014
84 81 20.142701840324374
52 0 86.21842144642207
47 23 405.7863207356034
66 27 174.88448330170237
0 40 431.26140433374803
87 96 23.048120147485673
57 38 53.35392604688429
0 37 212.77067498108306
31 69 673.1294819760651
95 93 4.281717523410569
70 68 232.63911433487777
22 7 902.9137664043105
26 4 23.040506952471933
19 1 264.98428064195633
9 56 13.169632825027033
99 43 70.91969335810245
96 8 490.93387761428477
21 97 198.55303383676625
30 57 351.4098082488899
11 81 56.80959561533632
50 64 196.03209881082086
30 8 58.37805119722482
26 20 138.3619552912062
41 26 11.32801060864141
36 84 47.33979387879043
69 97 27.760672870186642
57 34 340.7707842694958
58 84 150.21229612076718
75 2 33.15606073599336
16 11 449.09226462305645
17 77 592.4135508955668
45 48 24.421687973006883
8 70 62.19305591882637
0 86 77.90337306884446
81 1 473.4971822765198
6 14 313.2498817097363
61 44 116.999143411964
60 28 149.99903459782303
58 8 135.05468941477352
1 15 152.01106883268238
30 56 2.821483750434531
40 43 332.4830497769997
13 83 283.60362982515556
82 95 168.77293448426767
1 57 494.1595701123974
87 69 44.327763475284
42 88 26.195652872157225
33 48 159.9639797507335
10 35 52.86592676088888
76 20 14.761132509679845
71 41 91.06350227468162
5 26 195.68941969522044
91 48 267.5553893017841
19 68 478.05292302095665
83 67 175.4186378324722
88 22 19.074446937513624
57 18 18.753274219823076
8 81 193.80427039542886
48 26 23.447751807784506
7 30 234.63498037669677
92 18 484.1347496831527
97 47 109.93904395555774
30 83 121.28862512529884
55 71 197.343497138295
25 32 133.96835395128505
20 81 538.6569383194354
23 61 434.2839477720181
73 0 307.69204270945943
67 36 51.897595048765076
71 90 137.5956577720202
66 41 36.29273414475119
76 92 384.23097428981106
53 40 121.57924447055845
96 28 63.37374077337967
12 36 139.71900167516367
90 66 487.7819882897272
32 19 42.25835806696539
87 60 804.2219154502694
89 58 60.52123336428408
8 98 361.1852068446555
37 6 120.02250541925325
90 5 111.4564102476246
45 47 122.12848485486624
55 73 46.168098651748785
39 22 13.04552928833117
66 78 62.90261267339054
90 73 412.8486519301098
74 59 82.94204975049693
61 92 61.47191850692828
9 66 523.7719522530816
47 10 300.1654305631574
27 36 272.7038842232581
93 15 39.90258502313113
21 56 118.26303341465739
80 44 173.9381785564806
57 41 21.679137209563958
8 84 37.65154312788326
66 31 70.63874938707005
1 59 310.4238670730803
20 69 349.17888150339337
60 14 122.1166365110671
15 52 261.5709475111698
14 44 383.95178224832176
67 86 26.39917839224693
32 52 215.33128438057955
72 48 9.292367099038785
63 76 101.93972594537345
37 46 275.3543490205157
16 76 312.34317274056474
34 5 30.00878214449006
4 28 368.10518671439587
23 54 128.62212601378468
77 94 247.16371189377458
43 9 91.88329777070085
19 94 139.54256218847578
87 88 193.26699453839103
50 4 273.19808173051877
18 58 201.4434563588956
32 89 0.6082774183043506
56 55 153.996494177004
55 99 86.04400383356877
25 81 35.042209495473465
7 48 91.87003648799123
67 29 288.5926479528078
11 82 68.55075097107145
10 45 229.53671309994297
76 95 163.66242996220936
15 48 145.07761848346087
63 69 99.72157959061948
33 4 244.67349000720122
13 61 976.2229778819093
69 6 286.9649063308248
61 58 365.77913499736695
14 90 611.2876492208652
64 92 234.2424759427899
8 60 127.68785061222268
51 6 138.48815395409952
67 10 195.97291166124228
17 75 35.92058055565157
7 1 162.69793834509454
27 59 89.75543569725191
61 88 123.26394928914021
94 5 137.22589162766846
39 7 608.9540447356616
95 94 348.8905375378996
9 51 18.200275184454025
14 81 375.5031733114432
38 8 584.3489054628944
11 32 140.0087213639759
80 7 415.64636259091293
30 25 131.3608955345665
2 52 194.59806825852053
88 13 315.2402794210242
94 71 127.70240658979479
68 20 91.21365142864158
8 64 14.83166389490276
56 95 366.6541420896673
40 93 20.577187570154194
36 5 241.54852228317299
4 96 340.2745670750069
43 78 315.05760305103735
57 11 109.66623079306723
77 49 50.71919998965348
56 77 149.2021540733611
85 47 290.50406516124343
91 73 108.53648787128327
44 39 270.52114847761254
62 17 58.017831256303765
15 80 45.701777520094595
78 9 25.453185902505922
58 62 57.446010756187384
39 77 648.1313944164796
94 92 348.3426628460443
10 3 31.173415807728517
24 96 158.49584238058304
94 96 150.7466007547535
65 20 326.683941969665
8 5 19.90298534994195
69 95 112.29318912176969
64 1 193.76251236576644
45 13 90.4145495510142
13 69 80.41704972343057
87 22 110.77128211699589
0 91 19.359574515412064
75 38 220.09993280935984
76 35 182.3395119275735
33 94 35.25903842347896
95 91 65.52232807686273
64 84 258.48046877210027
66 74 148.33627331313036
30 17 118.28529471726772
8 20 9.79984505443787
96 57 281.01839503250915
81 66 172.14310168142205
28 17 43.17146615250418
8 22 8.654436310825263
27 77 502.4987406603379
99 59 263.76536565229685
86 66 197.35707624177087
98 18 318.25455821713103
62 91 233.55099671432512
74 50 190.4863879294299
39 96 298.98602130389907
31 34 38.53628984676459
81 63 148.61208988072985
38 65 262.3626041671981
49 78 617.4022303644089
63 29 123.32271713364253
39 95 494.8050018378325
54 57 292.3181326280144
12 70 124.3477006657538
64 13 124.15202449470033
32 74 203.36088168739082
5 82 179.47706601102973
9 76 42.17217075326982
94 29 210.6800368296355
14 18 145.67692317061397
62 53 136.66302799136858
61 86 21.276695222525543
92 84 32.625052333970174
23 1 126.4108314500855
12 2 48.82774167202671
47 49 234.9389839125586
54 82 261.4968889613348
11 70 282.6306697061468
24 79 179.76100986862443
71 36 278.109234299784
37 16 89.61702929330912
24 47 248.30875674916558
76 29 606.6900390164435
36 10 240.90334430771833
90 57 28.12246287405501
95 90 33.676599343845226
40 65 289.83806412185606
19 16 60.73577836736925
50 22 11.542327463755052
52 14 0.2213673250407383
80 56 1361.744657259693
36 68 278.6743674344789
44 62 78.94054240280073
53 59 168.92997665931543
11 39 300.5926817602782
52 76 93.82856014856169
17 0 33.46516822880959
75 60 397.98710278310057
48 24 386.4832028032228
52 70 80.82387546147744
13 91 14.734774236326457
0 1 754.180886779349
75 33 284.370736219731
67 97 665.2278831438684
30 48 75.05933741757114
19 48 113.40795563283325
60 0 172.20733244081984
21 31 1113.8181070407627
38 25 49.12212644077688
26 92 107.07171318174278
12 32 274.6970383948846
37 1 102.07533051667713
46 0 14.24118153399986
0 76 259.29025238583057
40 41 238.36680360842144
82 99 132.1514592020669
41 33 98.47804521721596
40 77 91.65671430689616
34 75 176.70817198005673
15 64 177.6163650689843
61 14 53.8587705567007
44 7 196.73325436989668
57 35 188.73383405879113
34 49 89.77041503740799
24 21 17.4884004020792
89 86 44.241275447985096
34 25 329.5724893053062
81 90 254.89360707630658
98 64 64.158877652857
88 30 128.54965931745252
92 54 112.76542780131362
15 58 577.2196726367325
74 47 36.95004794658774
81 27 490.44020125396514
4 72 75.82733065801912
51 65 333.52130076787546
8 14 13.199228005754366
86 63 161.8088530107349
69 66 205.37955361786135
84 72 236.49943555046215
84 41 99.96381212932062
40 63 26.387653266743012
4 71 119.70770631601486
75 82 22.918756479363235
51 71 598.2338856242383
90 63 537.6922095749096
94 62 113.48895687539459
4 92 27.487392121509597
3 31 474.03442815645286
29 61 157.71099998027202
49 4 143.79744822876094
23 86 1208.9045361949097
79 1 267.64191783440793
5 87 395.7722692695769
75 4 329.13892407903666
80 23 561.5094420254163
20 19 39.127084298387615
53 42 269.77818313694763
70 0 165.48713692257394
65 25 60.34105526288271
90 38 401.51676343104816
7 26 276.01875844020236
65 12 11.631906730445733
60 76 341.28989296522366
13 87 54.15430877592237
74 92 57.146514470245016
6 63 123.23824882339242
70 51 65.14028990503002
52 30 372.8168543393247
81 32 102.97471206423126
62 11 147.2876662623238
61 32 13.50851819284885
8 75 94.41924292561296
8 78 188.8099233677544
66 3 72.81001743125863
38 53 172.48348523062847
54 43 39.93931616123348
67 23 226.44434062997928
85 44 31.0002286752647
88 43 94.36808667812078
53 74 466.3377900631433
5 63 241.74877084408791
59 21 304.51942747288683
50 92 300.74868382465615
71 31 264.44919481238713
19 25 391.006532587516
95 47 206.1344628997388
84 38 48.7431736021815
33 88 341.27321254689514
66 17 71.37198742492062
48 58 415.40354054254954
17 52 238.9030119268821
65 21 236.27257112767782
1 17 412.08368705555574
60 25 248.14344093183908
64 14 454.2335620333847
64 16 66.96089109641204
42 7 118.92575854639678
81 58 280.7517691923402
29 83 40.747232545595004
99 71 61.83934342579366
87 57 33.533852795093416
91 47 2.831257119577619
59 40 596.7334945234126
6 33 259.56226940727333
92 49 8.887341849127639
32 24 351.8859407481341
77 73 693.0033054745803
79 36 590.778826918439
82 64 107.04296354274514
96 47 141.2671520583304
49 2 293.6342612105512
98 90 425.1794552276446
30 96 102.8295317710846
28 63 237.08826574571407
3 64 361.2719557032516
63 47 263.35515844747005
50 38 381.65796663595495
2 16 199.8332179787029
81 30 36.35998105180464
48 75 96.1162409692763
59 36 40.17841386140707
43 66 260.4175630297982
32 5 32.293653829105615
35 39 51.49142065527105
11 95 455.89989435810344
76 31 21.929637882796403
34 41 554.6664528675363
41 15 116.46110073342587
33 71 408.24849756268407
95 2 184.75417578403045
47 71 79.2045397125209
44 77 4.962451735221851
62 76 96.19863018713349
34 99 0.5737805687015765
45 72 351.38193815050494
27 35 365.0720359606347
52 87 262.554653009431
76 38 196.05953770023257
74 88 146.46822793430624
93 53 578.7149822403621
16 38 103.82159420401138
51 77 270.4590448745636
17 60 123.40933257715338
14 68 17.423337088033083
8 53 11.191692920554978
98 28 335.9116269564255
92 35 63.95290438240996
38 45 7.867221449922332
94 16 214.40813697068157
82 59 138.31160822120353
11 33 77.50198908648154
39 32 176.6243787527116
7 38 449.79896365843615
81 28 423.3986752070245
56 70 30.497587408304856
96 80 176.43959726858108
62 88 116.73493104475232
11 27 121.04691725930243
21 76 32.08877384064989
9 97 96.65297151691148
3 59 291.6071315602699
85 7 20.276903959589003
38 21 116.68053500488405
77 83 119.93606101591412
85 22 148.75755370978865
35 37 21.7240517271033
34 13 282.15730612563726
51 76 94.05648224989035
83 76 103.82457660508291
46 25 33.724997187343796
73 8 81.50265672201975
79 47 98.47491295880634
9 60 70.48978019597996
14 38 253.40641910247487
70 39 8.531281649667251
73 64 256.27255481206356
4 46 170.29880561186292
99 21 209.13852336540998
93 55 394.9044993314407
55 17 515.2670456289945
33 45 221.37872520411182
35 25 25.417834360709957
46 75 39.13227114467197
82 13 365.3467653829591
26 97 165.79902860656134
88 47 584.1418272554045
7 56 156.23362553872542
93 8 48.929900248135354
90 33 35.99885223792187
93 97 93.15068728235735
24 68 160.79499229099176
11 4 112.67620743183267
84 20 51.79656847851658
82 21 252.70574173295083
2 57 284.48679574256715
29 93 179.43509629841833
56 66 380.3665724201039
94 91 252.21114549260074
51 79 734.0938951464993
70 22 50.62437732861462
36 64 141.20783665446305
58 35 6.806393665802426
72 73 339.24944072873683
29 58 146.54168902375767
36 17 31.592402565547967
3 63 205.43903743793365
45 76 78.42571963408174
99 9 65.4074926319814
83 27 11.058184913270459
3 67 55.0554976139339
16 41 627.8103393640467
19 59 188.04034267943248
54 87 226.7943815087734
66 4 114.03974457487924
3 34 370.10472171196335
79 50 714.173080115991
78 57 16.320723740518957
14 82 232.17836416814518
18 11 253.45603811612972
32 1 230.7246089391403
42 85 140.9471509269541
74 13 441.50925562524253
48 42 493.59132602422864
78 70 131.98591155223562
56 41 278.0936370335521
80 22 240.18661657158856
6 18 87.74787908079759
64 6 354.59506811077233
44 65 59.059238252225555
28 56 538.4887144162992
42 63 172.34432148717417
40 9 761.8151813312055
78 60 48.59979833126466
67 66 390.41647167891597
43 79 90.49734525215626
48 99 859.7169911823628
52 49 4.3223594579268765
79 28 94.24159371157889
78 62 8.287146117731229
50 76 92.5199955164554
29 27 31.006242457826133
68 53 35.3713810985407
48 67 49.555213110150376
13 68 26.9033700887577
70 15 160.66404399436217
69 86 218.0939657648431
92 62 145.92915455360517
14 57 51.78120162093207
39 63 959.4263205098447
7 66 100.65791161579536
49 70 112.34924597065404
79 59 151.98767065641107
92 23 315.4914243170036
30 97 159.90451585716258
7 24 25.160724154989957
85 87 318.5226894875474
16 80 356.5773542338927
87 91 188.37620890475614
70 19 31.205376136548114
9 34 346.17801511352496
3 19 259.32202850509304
61 68 38.96648474894717
60 16 757.0097592130102
34 36 75.68984760528198
32 14 185.80861382416407
63 60 50.87003061942779
74 96 92.08720832195931
45 53 516.1806420189954
69 90 71.94088925395896
57 23 586.2745223805513
89 24 100.53380408907444
29 96 358.96235870989784
12 87 17.870807662108618
13 55 403.11841845829326
90 13 6.184108065745058
34 6 281.7591328579182
73 63 308.56799676359805
1 9 492.4447614194472
27 76 5.142372777636566
53 95 62.31915782998342
4 44 232.6366874085073
57 65 114.83718209289044
2 29 115.9639108733989
54 99 409.8710893899937
51 64 141.3034155351285
88 2 20.523982117275203
57 13 38.64540206520747
78 47 297.94982859459725
22 71 47.588800746240345
96 25 158.35437484187932
86 79 487.29128779442163
21 58 12.493094419704152
32 71 218.13482014332908
4 34 119.03436655636779
94 64 16.24421617489172
13 41 21.279269578812336
94 45 418.5168272663341
15 49 286.8023860047212
34 18 258.3872991293114
10 1 421.546833979044
53 43 47.42206863471542
2 91 127.81928299533176
0 44 30.11319264635105
76 19 13.795013066686632
66 91 187.84264766705968
47 90 230.98902631875072
80 18 61.81671020526933
31 52 248.18688008719363
57 42 213.8155802855946
95 59 282.2748651502051
34 71 23.60476680096302
22 63 121.00137867960265
43 41 240.92933867210226
13 65 147.24288890103028
92 31 6.057642586858141
11 96 180.07649342133726
73 71 76.60757849021164
35 84 457.53140515665206
11 31 140.29550823909054
30 29 61.638035737388094
81 68 56.14416719277706
70 98 197.78110421012855
1 71 37.488579046591006
35 65 61.31401732143389
41 7 880.2662247644245
64 72 41.53290710929037
41 95 108.43934486280192
32 23 70.30611756670413
27 37 354.1771496989553
12 96 329.5920136676638
50 72 447.35069669931596
42 99 1.1171113479305312
95 40 43.29645895990687
59 91 115.49487030933805
48 90 375.2987917106868
93 92 13.069700619483395
67 85 343.7424378778617
25 94 14.068662296277465
4 90 164.40294641271848
33 96 378.0939833184999
3 4 55.349160466224575
43 5 5.552349780150472
50 66 270.382921359868
28 73 277.57522919082527
97 57 88.68372842211046
40 18 159.90888391711317
44 33 44.01965972163669
2 65 538.7804077059769
63 99 28.266824188605376
40 45 233.76700661763667
60 80 137.69878040665785
86 35 26.311806461839687
80 61 486.3170394365312
44 76 493.7432548322402
11 75 56.131239325303675
6 45 87.07666689099595
13 9 257.69184986679295
10 77 143.89098607507327
22 45 83.73316872721036
5 77 59.0002465522261
15 33 56.78930251598955
7 84 193.1478800725639
80 78 148.610996259383
74 34 128.12700708419567
38 61 309.22421339252753
85 55 16.785320979803174
16 73 272.18388442141395
31 22 2.205276574676751
90 20 306.6732533903116
46 56 5.622492481937907
15 72 44.90574428342445
52 7 75.62463655297465
94 79 22.298101449963585
93 7 46.03568486869152
45 88 133.75077964883414
17 2 30.670212852641924
51 69 55.343424137472944
75 13 31.233249630003307
1 13 6.044893032942535
70 30 82.29593044086975
83 1 174.15698267133038
93 1 13.798559906149702
9 25 698.4626672051743
26 45 49.72356379609508
34 80 26.18540913671781
83 81 212.5999558158041
20 80 646.666119671415
99 28 248.6210562089315
43 93 137.86010602850325
85 92 137.5933687154311
8 32 299.58933598853986
17 7 218.51383262871823
86 53 48.86358152532257
80 40 182.7895856930239
65 4 139.67467801616039
66 95 65.09093646481632
8 19 105.70074764991968
2 90 374.16608051042
28 2 66.29359187960755
45 58 82.18991082593392
62 75 14.300643285600495
59 70 19.54323812729942
40 36 114.2777503636929
72 52 90.81435883754394
64 35 252.52242483475715
33 95 401.3878574549011
28 16 37.911056968221246
44 15 326.19489820173953
42 71 163.15300736789996
64 87 37.24246350809795
23 68 11.705896972660875
76 26 240.3362116727087
13 94 196.35184030017626
33 13 207.55598291308286
57 22 111.3444587959894
7 43 22.0734864804057
38 64 227.08827601644535
14 85 61.30710300929319
24 6 132.63375406514874
79 18 32.27042652893533
36 42 154.8282425523288
21 96 22.918484220686228
14 28 138.53319513220313
43 34 9.585743981743569
30 35 299.0765089067264
51 72 531.2464129227881
8 26 10.78740965030953
4 61 70.77445574544132
94 2 69.94948617582456
88 36 540.4532192866561
16 56 98.14992072101967
75 29 834.6879913452925
81 64 349.96880100509526
7 64 153.3901740522727
99 96 67.67186805401303
47 15 11.524541320831448
55 32 53.62343584504825
12 28 59.253350271201974
52 26 73.36600372177577
78 91 4.3678675503331155
92 2 41.28827454771036
77 76 166.07226846596862
23 85 230.91974168796642
17 37 283.62704843646713
99 10 349.9823318826207
89 19 114.64790343516418
7 34 148.28758018260783
88 55 64.01153103685517
32 62 387.66385135722686
50 3 106.47283668726007
20 94 77.91616856230883
56 19 157.77220108719695
82 57 342.9637479336239
20 31 32.31351409808651
0 11 88.76207970485385
40 12 156.4141801274963
71 78 21.903743100581185
12 27 119.57632320703848
23 75 109.2503695261217
74 27 0.42445165223540465
92 46 98.02324674418217
88 3 422.48251225289
3 45 86.60375340151323
15 27 209.07791191702736
86 39 211.96176589379942
58 56 264.28200937533273
52 63 22.01139115772
30 78 174.72704289815834
88 34 388.0065278649593
61 43 74.09140055020536
91 75 211.76841147936338
67 92 147.5197440312874
41 92 355.37480229257767
80 62 270.1248274974362
59 65 15.309445156467383
68 82 86.75943178127062
26 29 243.2681995239462
44 96 551.7299039793888
33 14 286.84552979892766
76 70 566.1105665370461
91 10 47.67239886648088
71 76 326.8878725131051
46 32 190.83640907829985
1 47 185.6809716326935
52 56 82.59727529677686
86 49 204.0117920853678
51 75 43.72318222021943
80 83 127.43543525002269
60 98 65.05585359128384
58 70 71.82578553972732
25 54 451.6297956649753
13 93 533.29110634005
72 90 232.84586027834428
99 58 58.94063617633481
62 74 229.10629987821983
15 30 150.13163796174672
78 86 17.588469055561056
10 82 144.26903634329952
72 29 186.87278389215965
43 0 418.2747901231489
83 50 113.91400053550502
49 10 163.88583036151815
78 81 196.97254245800858
95 21 203.65225655512748
44 37 422.0106714540538
48 37 115.99106806169812
40 21 118.6625457851231
14 13 209.6561966521242
30 64 129.6830018332561
34 29 237.83092556628165
6 39 57.12160472487571
18 93 95.54625297486056
99 14 53.77479392464164
79 21 266.13058189409253
92 83 485.7294536496833
79 78 374.293466315684
52 67 290.1831884123026
31 0 28.52622725087479
71 69 105.40996084902694
56 2 725.9377942226658
57 98 765.5195218272814
22 4 105.92447665545419
22 5 198.72624373962785
99 94 176.43105867563597
53 99 273.08755693890873
6 52 93.32421199621248
90 34 347.73210757984805
81 13 81.4013572724859
20 12 72.25393337648268
86 12 91.33086472068634
10 46 299.01439051501796
82 86 59.72278608260554
58 0 465.014893348694
39 49 19.084674844947898
17 43 430.439478536357
60 67 160.00921570958454
47 59 72.67900334322384
43 20 91.57209692036669
40 14 82.5075325635377
97 7 182.70756277779
65 11 46.206415656499885
92 71 439.8668321962701
75 40 83.78276178201331
9 16 562.7963354982609
61 35 73.0451588275335
40 74 472.9690077493289
14 43 117.71399198334518
54 86 257.80370776980317
84 31 107.54581451484707
51 86 104.78638212214149
15 20 194.92525273542844
1 52 211.71244012528837
44 26 39.37023081211951
30 6 389.0050311148764
24 5 103.9332753322241
61 45 172.29418246061488
4 30 28.128525223898254
60 64 71.30473182911501
84 82 346.17517355322417
5 20 400.2831996952984
73 42 173.77458484757514
59 18 61.240948474206256
81 85 13.824688664095111
22 86 171.26545353627768
32 27 20.19185469451717
23 77 163.77979567230307
59 45 103.91100319018905
37 56 370.0640216755779
24 37 348.1993602700999
41 53 194.18060128722334
70 80 80.96824293890167
96 20 14.492921522815225
92 80 134.38294641336526
29 73 213.34632618759107
0 64 133.99220889163126
75 21 612.3270294646152
15 5 133.82436670903007
49 96 162.43207881372675
0 83 1145.7412944427033
76 91 57.572073730914056
91 37 391.77845684818334
81 55 131.20597164413294
80 26 9.756692926924881
45 98 41.79390331853933
65 73 519.4554838114375
47 19 115.47436060485255
97 68 135.26062146423948
41 74 15.181921944470153
41 18 82.6994827327266
66 45 507.3133489075551
77 0 499.5719021823291
34 50 331.6462333801903
63 13 447.0612532487773
57 49 269.5214617043688
51 11 5.374351224069127
58 36 222.78443224077282
62 50 345.4710774384511
27 43 379.52801695205096
38 30 537.0830164015138
15 12 577.8632901316195
86 76 185.38900129427034
97 33 306.6916954836839
18 12 171.62502403674372
81 96 422.8223652246677
36 22 1027.3853220929434
25 23 36.24339290781691
74 71 441.6702020011291
99 90 105.01415878716176
20 92 263.3951104949015
9 46 304.5148850115468
66 13 136.7681553693469
16 95 13.455841440732124
62 52 144.15590867006858
74 58 233.50285248054382
93 87 15.511908118373821
69 34 211.76419023239288
74 29 5.816011464468233
44 11 206.40397792644046
44 16 242.68296219279847
37 23 4.101932077653852
56 69 84.00265218502841
77 21 372.50339903262926
91 12 41.56214173303179
85 58 110.67089257176175
58 10 125.49129834754136
13 44 630.3874677054475
67 56 292.13381987890307
94 24 16.42862852397212
24 71 32.431221239537436
0 87 311.9108382963783
67 6 180.64614451206137
82 70 275.21436872113327
23 28 39.883036490312435
15 29 151.509733477725
56 48 248.20377349219962
12 62 23.57302610819935
35 49 120.25397532347438
6 5 737.7928499810896
21 53 19.354229263263083
8 21 30.129075085811273
92 97 51.10079014541897
72 81 185.98617232932125
36 95 191.50703367230503
51 58 116.92922544104718
10 61 94.51869083593867
5 68 102.69529912795565
80 47 187.59848951673922
38 39 391.52866576425924
12 29 130.84462622882498
13 48 40.28859888282321
84 73 526.8544579008749
30 13 460.3930769003318
20 83 85.21707727972247
92 10 144.65356809037237
46 50 95.32363599327046
45 79 17.310234480793916
95 88 70.72991691097471
66 84 14.844571585635835
2 48 17.770643883100444
81 37 30.128611976233888
66 75 82.89919443181776
98 99 865.9530148398801
62 33 384.1263156497937
79 81 51.87512417065011
98 49 652.389209689168
1 22 22.421882590732405
19 17 81.95439981569241
92 87 446.64856248714955
15 28 191.41308249101178
68 88 23.134070047576007
75 93 25.31222102935851
16 62 286.11769151262735
55 34 328.7548790439872
17 85 439.9211592860927
14 3 156.5797203471909
11 71 82.05745163738423
25 50 90.61556851999121
92 51 515.3997517777622
6.3570271429284775 4.776389721235192 0.8045127982067182 4.438170390107673 4.018943442773924 55.81879506390826 20.27142945251821 11.619091278235466 48.226826417509436 1.3030752852565328 4.558050369537148 8.412168142213272 12.808360518940782 5.9946850126394535 5.872307231655926 3.8487968176772736 9.538522713062234 6.419230284858932 3.312246418961195 0.4339439529461827 13.865502739790438 8.0092320674085 33.90912351913032 31.937025561642333 8.2517821565459 6.651338722945098 2.9143240609154484 1.9357133844296612 12.633780346678389 0.5375485680228893 3.0275905148384332 10.447795138593126 14.773650830640591 0.01646328775803086 2.8667002678711655 6.025057035148023 5.097457105749214 6.346773679372576 0.7492570701319969 12.015838120938586 1.4786805983028406 6.401001703986029 6.824557898028585 6.065772829336512 3.7390448707263575 3.0567872697189786 1.871776842360748 28.72618157497994 1.4345078687089063 14.807442475263006 19.336880914098984 0.3456734419335262 20.636332922092443 1.4377565654047384 2.8439168211903882 9.07525355502717 7.5861913788388255 5.53603256369803 16.01391250036834 13.522970164329093 7.610366414663377 2.5717408440745118 18.676006476105083 2.479750328118987 10.537386475851665 5.405161107353155 8.031894268725555 4.725853008092944 11.942593485527803 15.247044889610681 4.243338168394775 0.07080179638865307 4.285606600168551 7.192775216477437 19.54309580873349 3.001774109931033 0.16793626725307892 7.518773307663559 14.662526710294589 4.782601318706746 11.65427983717747 13.192605885911831 5.999073747261204 8.641983306818213 4.597775925985286 19.497134037995508 23.478631494848095 9.64819067741756 0.018341843261373055 5.555761652628264 1.6213888925365212 26.135874051103848 9.218820276424545 8.688803100805403 0.25029016682214617 0.11645743486995314 15.075890959777315 1.0033209164138572 2.254166032936272 20.533786585559103
5
6
3 4 33.13336099473868
2 0 121.83974558254577
4 1 0.27327328750330226
2 3 65.23535182645242
4 0 145.59016177668124
0 3 634.1862628527399
100 200 700 200 400
