100
1085
28 5 1090.1509144565039
86 67 498.48661159673406
99 56 173.1215018684289
27 46 79.6009423122423
26 71 191.51248516589942
14 84 13.847883507495476
35 2 95.92132622385508
64 24 24.717050820591492
90 93 82.4988525155951
82 63 130.8465549138602
47 97 124.00362949550556
99 13 14.656254527208795
86 58 40.83040392136259
4 44 411.17122259799544
74 69 90.79197342236736
40 9 123.37775682617173
61 20 268.4699291253928
67 58 535.3354724874289
41 14 504.22552012364224
65 91 15.703707016442312
25 98 70.99754884584459
87 51 226.57225081698041
52 92 658.1344917751628
0 87 144.70438906532223
30 38 232.2344048043365
4 51 31.607286211389805
72 6 288.38040885101856
1 42 98.44015530600592
15 48 13.48469338935814
42 26 36.90423048253462
38 96 1.6779008837154108
7 9 145.46706113139714
87 64 7.038095579668837
23 88 94.97999549960672
74 95 14.489027708527752
8 96 36.52975209974493
53 57 59.08248309012294
90 12 851.2253625401343
7 80 327.71698325511045
83 55 515.8880446585298
42 84 58.89832426224441
56 97 3.2910803646985385
19 89 480.3937113404956
21 72 86.43948211864006
4 80 24.946478009333532
74 11 99.7110674804075
74 49 446.8084752017382
25 82 42.7273455686076
23 86 179.36519520312308
45 3 137.89245566608503
46 59 25.313176047589614
64 36 142.94573800878757
52 74 273.9884845363756
96 62 189.42121316865348
29 19 511.2377120846579
84 72 312.13988491287853
8 20 223.87706350288732
22 79 490.04292760728816
42 57 285.9280259986192
78 74 273.34681147913227
68 47 626.2354932642264
24 74 174.9291337511345
30 91 144.31220207862947
47 73 67.82882629841168
65 36 137.0210639317723
46 30 437.14318689444207
46 98 149.0572494114317
52 43 390.9148295247541
45 76 18.12705765581894
10 76 7.823354207585025
26 35 246.26463367580098
8 29 24.537349802809846
51 73 182.09449000309655
22 5 4.31983903221721
98 97 16.971195704923346
17 88 308.97005061283704
88 42 531.9761473872436
44 57 169.10959134868222
55 64 101.72286181271903
66 89 82.7592613810682
98 7 838.9621030987239
53 84 539.412692661066
47 9 26.296943757965245
0 53 1122.149005594215
73 58 265.89742668831605
33 94 19.150493483077064
32 13 415.9346484354394
71 57 159.0067665349237
87 5 556.0993869007002
32 80 163.3168949205786
37 25 353.71016920622304
67 12 50.1350437863511
3 51 20.94189285101136
15 20 255.7032756924486
64 21 23.762225530041295
28 43 305.01266957661176
89 93 548.9386141823383
92 61 240.2588619443232
44 6 178.67363016209285
49 86 391.9722420034567
73 32 49.68170259503679
10 50 172.77215064994087
89 75 64.52813871586952
40 32 132.8911629156109
34 3 912.4515806250382
72 74 95.38074331452505
95 5 900.1452903267868
70 30 414.0206075620668
18 97 102.123784094887
28 51 1160.8213301267538
35 32 127.09338221938322
94 70 367.51931965055775
14 34 143.12230416522968
3 57 313.97466312176135
4 37 2.5146824666200414
91 47 0.6198846114159061
10 82 88.74949692315685
77 39 531.4975735788823
95 66 108.4061676395637
47 41 127.00140653451516
94 61 438.44581619461627
15 92 30.24196537788299
42 59 407.0013042616359
82 40 35.42662869331388
39 74 61.28544081124452
53 54 224.89832097472103
19 3 185.6628850759363
33 74 96.24264132207223
70 55 294.1768846726359
13 12 44.35056772400318
13 69 100.3800611319198
9 22 270.52342414474253
48 93 257.3625397083701
92 0 54.89140849260611
18 27 314.97834324055356
40 29 186.0715865472714
8 37 626.6061264018352
72 18 429.1148839577029
14 16 400.7449494584014
47 85 31.18156150802543
43 62 175.65054940787465
38 10 154.2375384543986
58 0 363.86487222361535
68 57 213.10642378592885
44 87 287.3839382341894
28 4 68.92666414545033
49 83 15.954521644125643
82 62 36.45650019703012
36 28 18.192402941230448
95 8 181.95267574100328
23 1 136.6036612755765
49 79 283.9065870375508
20 88 363.36532022728926
11 61 131.41871764042116
25 74 70.98836476518416
16 45 27.938900037513083
91 10 55.529230212340316
99 10 80.4777619998466
37 29 478.39805941706936
47 43 216.10714509536547
17 91 92.87767088093992
61 23 221.46801307297207
73 41 27.07332776830646
88 51 393.008766954289
53 4 594.7683382566621
15 53 276.8301338788822
2 52 105.79391911371371
65 31 123.42696506000944
33 13 18.64399667385301
42 36 942.8648609562777
45 70 146.80687254908335
9 97 121.48146562771267
2 80 295.51689404755984
90 18 6.184112603863738
51 91 24.30654274995463
91 1 172.4100909341668
32 17 182.0945654762039
94 88 55.99243000114544
1 57 201.41386963998974
78 99 162.89727971363976
99 43 176.06088757674715
71 59 28.034785381560972
5 70 767.1159106133256
92 39 14.59378908977217
83 74 356.2130579097708
44 86 160.16645905764065
22 77 585.119436577829
22 53 376.3945495887242
98 88 65.6133311629511
38 72 469.24873669422726
7 12 51.78139116221943
91 79 90.250106974408
67 22 452.0205357091617
29 4 699.9966680984014
94 36 29.124347517066436
11 20 122.08540065156863
81 92 27.662559192746368
92 91 283.4879157296882
23 64 118.35842777864454
6 7 572.0666580335227
34 5 645.4582406886979
53 49 208.58826202152483
22 95 578.155726015484
32 20 773.0497366005297
99 44 51.31442219085805
64 50 84.3795021728902
58 97 182.6783235603119
77 2 243.8712160699324
14 92 482.0516328792136
2 36 300.09256249241423
40 71 47.34016066732577
82 81 385.2720012221072
70 33 1.5385460164939415
23 47 392.2161949331868
94 95 10.964667516155153
98 28 76.75011414833534
40 4 384.6494404223009
19 68 128.51848238274647
47 56 105.03217543555982
33 83 36.72520519278605
83 28 558.0637977518827
3 64 169.55712744151253
71 88 158.42696889943255
97 85 64.10085365717481
44 2 108.3907012044945
78 35 590.3283071976531
76 25 210.27652936303437
98 35 105.35943461750617
2 68 258.64605641115196
96 16 29.597071578165107
42 87 123.4720546053238
13 9 417.08519607582383
41 45 46.601420034132666
97 38 36.34959317840571
39 99 157.75960919822992
63 49 123.90845537464865
78 2 215.05032441996897
42 27 414.87276478865437
52 29 153.4723536490693
75 86 47.50793285420156
26 13 277.3982357792602
68 84 185.98682930697896
94 3 382.4954756807757
45 40 232.0492692956316
53 59 147.73590473938054
1 59 580.2445397989881
91 38 78.07322551366079
28 59 54.4969982452009
61 91 16.516126562041254
53 2 26.832495866537272
49 98 146.40281386090663
76 42 76.44051552045936
6 10 274.76910953334016
10 98 153.60840677496276
5 11 102.67229987179722
39 80 127.9104062651385
2 21 72.52539549887935
33 28 139.6179943310047
35 3 314.5570524700565
92 45 168.03490680751355
44 76 54.03869993526297
88 38 541.2282232315694
5 92 211.72560479683847
85 45 159.11417420534022
7 31 22.850016147726294
43 56 674.2231637699998
92 30 786.9994821261049
80 17 81.05401159426246
32 39 28.880008114086948
87 28 0.9340285821815927
11 60 38.5284350861142
66 29 487.73069359808227
65 34 2.571196175443082
87 92 207.95706938408517
41 81 270.17268442559714
28 45 104.58288401960505
74 51 547.7153044304985
82 61 258.58218630805794
67 34 670.845842891534
33 84 91.17480427089464
59 88 34.95461854763509
93 39 276.1052003142006
42 51 8.808711117539698
15 34 425.6475463428451
66 43 121.59552941583738
43 48 67.81504185391887
69 49 630.8622476425014
73 75 33.447156348140204
83 40 50.521424329932394
15 83 135.71096636644518
90 43 70.37644771407705
44 19 4.215171377641442
87 84 28.43617201917274
34 77 281.37848187944985
77 38 24.393828182083517
18 5 164.65102517325863
71 51 201.44214731743122
16 50 242.99216753933973
72 69 400.510424856541
27 64 85.22726532377273
68 8 341.245558740024
71 20 31.5311440683071
54 21 108.55613700334412
84 15 16.956934011860675
45 6 223.83149021211696
6 31 68.79864345002518
81 3 61.11059843508703
65 9 122.1983014547333
2 75 497.63968746348326
43 53 280.1178059770116
64 57 258.6208396058218
2 27 351.75530837366335
31 49 25.93193817429852
84 54 83.79657724669914
33 4 565.9463237568951
84 69 299.8547811142972
56 3 60.041668152816094
85 34 331.55026176310855
51 65 53.27844125972457
38 43 502.185268611131
36 7 93.49429677556313
74 82 344.9789770277315
35 36 217.44059778197447
36 43 154.94104501718508
62 99 252.15724376599925
84 60 336.8338422822545
68 98 52.87471545716858
33 55 120.3735374048299
17 73 1.875657196531524
12 26 24.106257656606754
10 97 501.80556771621286
87 45 2.4176516554501526
31 29 9.71884752911745
89 71 36.54544213348751
96 88 147.06792887268608
59 63 26.566302870619413
19 14 927.7671540022081
96 75 167.79823040900828
42 72 1161.925605123771
42 33 40.60282072263936
97 43 502.5898686537076
30 52 201.845376729104
13 2 122.50883267220148
3 5 72.33607104182899
16 23 10.002617779402154
92 58 83.98601442859353
35 67 272.3830550424423
23 4 38.04188721221965
87 82 529.5281146946688
71 21 440.6775133717098
99 49 203.39748291517736
12 43 327.67283064610234
42 39 422.8795522168206
4 22 11.946411456841755
91 62 211.72321948985234
1 88 50.052856895678524
84 34 26.47702334503833
4 91 461.18117187142803
21 70 412.011208076459
65 55 19.203285518279838
22 24 137.72375606426914
73 92 136.91906725620208
58 12 952.9532848832866
61 65 54.38080596756423
69 42 271.5286860326788
6 47 103.43584162659663
47 14 128.69798421325766
23 20 68.39713071008227
43 86 192.86341850973776
31 14 22.885859174540393
28 22 21.14404483084365
10 95 129.16992975434158
65 43 61.03963911486211
65 42 42.135431953847956
6 89 2.5908391300273115
24 1 140.59975713600036
98 75 135.49668236322432
38 36 45.58417580672058
78 43 320.46792075202563
18 36 252.57958386810552
30 49 4.365762545363518
41 6 53.77660558503036
52 31 6.164330444414161
43 0 52.16208745323595
55 88 450.38863070618413
50 69 501.05193401384895
33 25 39.05949681889556
81 69 182.3145399973464
27 19 284.24616962037715
9 80 57.11952966937762
66 30 290.6071895396732
51 27 188.74789208545988
43 89 0.3980881986260466
50 3 480.6589634649103
81 54 43.67764067921574
0 25 43.573360896307996
14 23 40.43316343455955
48 0 548.377570787248
80 33 187.53238037644638
48 92 169.75753534398237
3 39 89.35899994455686
57 84 54.89114920446312
82 48 285.70535443314975
35 83 104.59301820198978
4 93 253.4269220336965
26 78 65.9199626913199
94 41 179.623559424308
44 7 269.14573664383647
95 50 16.297851582556426
11 45 261.8817171619088
42 78 15.97769073370344
30 15 445.573096294631
30 84 147.5769906745975
39 62 28.668432541106263
86 68 523.7968467647253
89 81 135.40083506008372
83 75 39.68062124151636
49 78 359.31293475853937
35 38 559.9735189474777
57 31 67.33197984362577
92 41 223.87788782915402
66 47 261.8146105170789
47 78 596.3068999087105
84 78 191.01483506107448
36 78 479.05587943106764
39 69 29.05169248323097
10 7 288.2739521352947
53 25 131.6387406378025
19 51 254.4589235164747
44 24 2.628222680441054
64 14 12.10380077445976
63 55 78.92131391397261
82 50 54.164838270619796
80 40 3.848020423255921
35 5 113.58453692043578
96 48 177.48116152840686
70 29 221.48198662052016
16 69 1081.1013890477495
49 4 90.13598995873524
2 94 50.27360738434176
72 8 105.4749915452972
59 43 199.77654179995847
0 1 363.2967058795605
71 94 159.8173547738265
61 47 634.9559511602763
71 22 227.4937581343194
75 70 62.03980854522467
33 35 35.64618392674541
89 49 17.565396288992527
57 23 154.250539614087
91 23 148.58249521518445
36 40 498.65641397762175
69 67 343.4902590664465
33 47 1.724026017732451
61 28 119.66926338834509
34 35 149.3403589610444
79 48 246.69799582026167
52 89 67.1295512133345
22 90 168.2107422363969
10 92 47.81576031421243
19 94 353.12222545385373
63 27 187.12716478332538
74 50 39.126488803147666
68 48 351.78143554851414
95 47 15.342961822581369
67 30 373.9011027636667
81 15 733.7041357346575
83 31 171.52416021357823
54 8 170.14229970461167
0 14 125.68893243813221
92 71 491.5390505665621
45 9 124.7355092543915
12 11 680.8918281255761
76 96 319.95470169144846
33 16 12.945826214002038
89 97 94.28784098105612
17 81 30.85873484538688
9 93 257.9776248378769
95 72 132.520816794367
0 31 66.95391569984749
7 47 44.564511804297105
62 95 382.17201823083377
74 93 206.21423597837128
78 64 649.2168957672677
67 97 37.081970401646544
33 73 401.7158389892051
9 63 156.6963994022178
8 49 7.915814532336368
14 9 153.3160845679836
92 46 346.30307188700493
85 43 10.431298321836687
55 67 115.38818248614373
53 71 82.96815221084933
16 70 247.38128523866746
35 18 58.0458680347245
72 54 497.77215944212617
20 12 580.381157551777
65 10 183.0581575451252
65 24 141.02444035266
74 17 958.8535431619189
23 24 188.16963042138923
80 0 143.46078554017373
84 25 36.3071231350239
5 37 3.1208211997487836
16 66 519.3614891708589
90 3 225.37842520502318
21 93 354.63431187603715
10 85 98.26850753842841
66 49 126.6785843861277
10 56 62.55507116287763
96 32 310.7231620549583
54 69 610.5114426553541
27 66 389.33700774789276
77 47 73.90463314796675
8 69 50.60688659996099
39 5 165.84441651095037
5 54 548.5679164681836
93 23 545.2288691168364
71 63 216.07285471695724
46 53 110.41711990649202
43 61 152.3154344053132
89 53 5.55169984943923
30 95 232.3828491951602
9 38 83.56517196504585
99 47 322.6614280089093
25 64 304.20600527989836
49 82 10.003052983656572
47 57 50.65732608835694
98 13 97.97741429984741
47 42 65.03287546761187
17 0 512.7473403512744
88 37 69.04503673855812
68 31 22.105489531169493
24 94 483.67200578168166
7 21 69.43144126238516
79 2 64.57332815460819
24 48 117.18696416614027
56 53 638.1243997437873
17 93 223.35142906945183
74 64 242.58006057250537
74 9 75.44308661141224
0 65 17.066313833529076
60 66 220.83251868991613
57 73 39.19099228014997
80 77 271.7577810907531
79 27 48.77555877576672
44 66 229.30153887348274
96 24 203.21470461558602
17 4 73.06264794989602
73 54 140.48824266542417
6 20 32.24396760155335
82 88 134.5564418222424
70 61 10.962710840852994
48 84 66.00257355121387
62 86 278.6865577031007
58 75 205.25625677783265
45 67 53.037291045803734
52 65 13.411192483128326
47 94 141.21143232996317
65 68 393.91520087792316
29 91 352.205690761478
85 23 50.77700732141756
80 82 4.209849387455938
60 29 82.89555412879677
18 14 18.660280386153488
89 34 28.232523626456945
7 41 142.69333336854095
13 75 216.20376320149032
7 95 49.45703062782797
47 82 455.82920277963643
79 82 12.864257466782188
23 40 174.28992759130256
92 27 217.25018980621095
85 67 352.58256660952964
94 34 22.10219623682027
44 34 66.77054877094515
41 20 419.31527153234276
11 87 7.845622068143636
18 0 45.5726064685747
97 61 189.06116583144498
60 59 597.8638999937747
24 86 149.64400009381967
41 43 83.9879603926515
44 16 289.7515968722078
72 35 210.69491195246815
10 74 29.76327579374047
41 80 142.5416525892611
44 23 270.3650973047714
67 0 484.2496279474392
13 71 373.12359977602745
32 2 472.61771027592596
54 87 22.850425288663875
92 99 246.69178785165994
70 9 198.00258036587323
11 29 430.8240970454909
38 8 97.77998773512897
6 56 13.744410727110065
69 46 13.676062068698819
30 97 154.31840194571674
32 99 134.3078025178932
73 2 398.6244102631178
71 44 111.29252210910252
7 84 68.97227522797739
90 85 526.6126100920075
32 11 87.19917496765976
41 15 115.86201979771606
95 20 272.09450014262933
76 16 488.8732446382147
61 7 7.3028755491638995
87 52 67.86491271989206
93 68 185.0922822582905
94 58 130.432591261539
64 75 220.67643519196324
21 85 104.24255742326424
82 60 135.43670896558515
24 77 178.76527771347796
62 72 516.3816889926695
28 20 46.02287702119263
74 98 30.70880063198637
60 36 141.02482114319602
11 19 115.67998521980421
5 38 230.94634516751262
14 59 679.4840510469288
12 0 3.802857970394513
10 57 178.5038155016377
98 29 162.6676077639915
2 87 5.205166170241467
66 24 258.4462300230134
51 68 440.99913956798105
80 48 238.3939438895089
91 86 57.60677303666822
0 10 308.6197251423782
56 75 27.05521712668307
22 0 891.4126634335254
82 8 32.697782153371215
18 2 8.625051587375976
46 71 12.885520957581779
94 52 13.887549770618286
3 42 45.01286521971903
81 62 362.49975232560934
94 93 214.34144252893668
69 60 348.1124350614641
18 3 22.99175075271884
66 50 87.16354097602044
90 27 244.4472173169011
52 8 446.53006558615243
14 68 26.329301781496785
41 3 183.88731832720805
58 48 134.72994583130404
6 54 171.4737102846756
16 94 26.93727294062774
35 79 35.161027621926955
65 85 92.57766153680895
59 62 83.79441050399073
24 16 223.81791595407873
29 83 190.37033821107724
65 62 273.51398038462816
60 27 235.13831242301669
36 9 244.57667004893477
94 64 90.84523830824816
84 86 3.0363540801541373
25 10 106.7484597699023
76 57 407.83615353119666
56 23 111.03976921537388
81 18 443.3994794659251
88 91 191.33379932729449
78 86 95.33719649463777
17 21 355.912625635738
38 84 24.3347755895819
84 5 255.33565778039002
37 28 282.7041796985559
40 81 308.1664675479911
56 95 426.46267710300697
37 1 40.52321195751233
61 48 223.52743723945693
44 14 290.7147543065849
25 45 499.29258621651053
91 18 41.596729265994114
66 18 133.92160133494852
9 84 80.10625110919169
54 66 37.873058561897636
11 77 337.74198787016303
21 36 212.9272554992316
27 65 527.9899311589428
65 33 68.6287867044568
74 46 784.8332378942337
0 83 114.25445786772038
35 63 0.08211989654915205
22 63 93.59449347772593
8 77 96.49527163232594
33 64 57.55334088974335
54 29 164.51053172909118
72 7 53.095293371330534
74 58 7.87782214727502
40 85 58.13167212785889
15 73 33.680492080225896
50 75 1.974746641007505
59 3 72.21061141287747
96 21 580.2895614301068
36 77 4.896095616741316
5 36 465.85284456582974
0 63 315.90857714789615
67 71 44.17853724071042
44 98 56.45122926461688
46 55 217.18945238260594
13 4 545.6877891914877
14 33 91.42492911915733
17 12 28.236632218962
24 56 574.7943986893142
62 71 59.035894538017
88 27 91.3567169719144
22 16 249.83909709333653
30 16 237.15604099134345
62 83 58.201431674857304
46 40 163.12067065285993
87 16 44.579811092260556
81 29 200.61097604385657
1 17 507.5121995108228
10 43 88.24916332695452
56 68 210.9527137294996
14 63 130.01912717995822
85 39 152.80949367743952
81 98 164.10980233608186
97 92 18.19060705290499
96 73 102.89840633306251
29 51 29.578624755419824
15 62 357.090144855029
59 34 216.31225061871316
92 12 102.74959077337486
21 89 142.23423945659354
46 38 14.882411507911511
16 99 104.30734922239876
78 50 135.69435047798356
33 38 358.38230768320574
19 0 33.213902058959086
80 81 310.9287482503629
86 54 25.88116030151958
32 86 345.87170770137993
20 36 75.5069778941896
75 1 364.6716408743444
24 85 183.60647169546266
67 33 41.2122031488944
33 88 202.00501692706928
50 68 125.95302859560277
3 23 62.86963821465841
4 54 0.3191893063023893
87 4 10.40297565552399
52 33 5.165918412673519
18 28 26.557871700577696
50 80 366.0309534745769
34 54 13.260522337157582
56 13 661.9341790146148
63 87 248.89486344179815
28 91 168.4422168254954
24 68 34.67877888811069
64 81 18.65229856779594
10 81 731.179996727375
32 71 166.62112579406312
95 65 41.33132761274339
50 26 218.16054617356278
97 91 550.4616240985563
56 76 188.24655687713366
21 67 307.0759294233162
93 46 137.3648577664431
77 65 29.890184677856276
76 31 49.0432245932027
50 94 26.52333188886214
31 55 112.24620354774393
89 91 185.82019698331487
9 86 233.90753033501412
60 89 25.16841365414915
39 31 108.73280033467776
70 50 15.690707819427857
24 61 9.275176505733636
78 24 163.05493147200053
32 29 155.95002127350313
3 89 34.53253915431988
52 59 424.4854422590353
44 51 25.132358135689014
32 72 74.09691594547677
94 62 61.1225472122639
0 21 41.23779569175266
9 55 210.2617470760022
98 22 11.8878115673364
89 33 164.44496076112588
40 47 104.358090977085
78 11 72.9348595033097
55 3 131.54878131244462
73 66 350.0354237621405
76 72 36.239018160340684
48 10 636.2832354564065
50 31 153.0323763041928
96 84 43.862585802234186
96 27 4.511136173834971
99 98 355.48466835049146
50 28 2.507673015769678
99 69 135.73156756579587
58 89 31.709369597031078
63 62 242.01481954258682
79 16 299.17901442240475
56 91 395.29113218629993
7 26 140.93452820638672
46 15 44.769507265566276
19 45 227.62414642353272
61 85 95.95395400680773
91 11 407.18650723165206
66 39 33.52041810056449
1 6 130.93147015408928
78 52 35.326261329067876
56 92 202.88408816746028
16 21 355.5531434299186
68 29 505.732821431222
68 55 672.4144781828782
98 40 199.08720347041643
54 82 19.958463487704755
27 87 0.833267969530809
44 85 311.3862869428053
45 53 424.7520433705582
0 51 99.44223449302378
48 56 359.61700959722543
3 25 221.68719130803157
55 30 49.315633138114976
34 57 329.11268604190747
47 84 181.57822553113215
59 93 59.436822138050736
86 97 161.76694275796635
71 14 62.484875433581145
93 97 96.09096648909261
88 9 108.27681354280418
88 48 182.92183007901065
5 74 239.91221923944823
13 73 92.48368070930015
49 92 10.082139582020826
58 43 296.287534875135
59 57 203.8418675577764
71 97 159.8986098062274
10 31 165.47060967687034
75 6 188.33559290079666
60 44 93.83069519842189
81 32 11.059333136567119
74 54 41.78375599085885
32 66 475.9708645065838
21 86 137.39206067006188
76 48 161.22818656830765
81 58 157.32868343221847
12 80 840.514049339526
44 65 3.1035624548907497
76 13 213.41564396180596
80 28 66.70040557116862
22 14 510.19485711751076
56 96 97.20115624966024
97 70 118.8582682464499
13 62 26.253135432069218
9 46 126.58763949523417
96 91 147.24308670230616
96 20 40.45230404758237
2 34 241.20729005713986
73 29 13.739818432412479
70 12 387.50476812070167
88 29 82.8757049830337
63 97 639.6112408165146
15 80 81.2634058310411
11 14 103.92640717802584
70 79 365.45980519580803
17 27 797.8868202001828
42 0 503.0346990850897
0 71 149.05844407393835
70 95 123.5954637399147
57 50 232.74934296880244
20 9 144.27791561935913
61 75 38.28336902212673
78 20 155.97193096742834
36 24 14.140966035001274
81 16 10.963668651683452
12 78 160.53614902597354
17 90 599.4394044759899
42 6 275.33933454183517
45 20 332.8483453685405
10 96 141.63917281365036
72 4 87.49877485072078
68 58 192.50389304333515
85 31 156.855893487134
4 45 215.41065919037132
33 93 288.30772979296324
87 61 121.91052893613177
70 53 13.479491728625664
77 19 3.8166900141567788
93 67 109.23384228801518
65 26 183.4252388922411
20 39 206.03982415741075
87 30 477.454475954853
70 35 222.8219699472059
54 0 243.18798505086923
44 31 220.18961980740994
19 13 298.57912036509026
93 88 207.8489042756976
30 93 336.29024551394485
31 66 399.08228253170853
93 2 78.36410468174283
53 79 274.00071965314953
19 57 305.7306341825388
97 81 230.21528587306582
52 84 335.88655970451583
13 43 25.687995040438157
68 83 592.3593817948909
41 40 380.3116601379483
52 81 567.785702758935
7 74 219.3144391418126
50 84 7.135898431975953
1 11 184.23095627868247
94 49 254.8623987155382
71 16 134.9199969676366
15 27 38.01225468788317
67 88 115.29345465412197
11 69 289.3271234034428
32 42 18.184778756599027
49 41 14.12720191132072
66 79 393.25884914687055
48 27 47.64055905376217
31 70 525.6385622346186
17 68 236.082723717973
93 20 107.40904470076345
37 66 290.78106593823895
8 47 258.16400051545145
36 39 602.819156295637
52 95 579.565079024291
61 10 306.12006215861663
73 93 14.21769815414363
99 26 483.2810788132286
5 66 20.648572337053693
79 94 330.33489230298466
76 52 61.115635956633575
81 34 355.2130203752256
76 85 110.37125367852228
82 0 547.3291075972102
71 74 422.0050849021258
44 77 41.90420645970915
66 53 114.89269970117387
32 5 634.8695836033235
65 3 50.96091777993333
3 7 63.07784555014106
77 25 706.8498491405292
83 13 119.7546390705964
26 61 204.5962957753475
58 7 72.26090333932092
48 47 194.26657500419878
18 4 178.4764927457636
84 43 29.390396225850562
86 45 362.310990066912
54 90 39.137598193686955
38 37 1.9216036724302537
54 39 696.9916156462326
26 43 175.88258689214194
13 87 126.43668545461864
45 84 74.287602138964
65 83 142.44076739167022
31 86 43.91298983583496
6 19 341.5090853512242
5 31 123.845517571532
29 87 273.9196028976286
29 69 28.29092451099392
59 77 41.47233377156404
25 83 36.23975005151635
62 48 25.524948695073927
15 4 82.23213674589203
28 21 1016.1795227685253
37 49 13.644876222769431
31 90 247.76559944638134
33 18 97.94856169462999
24 75 654.8521175798081
54 30 41.43016923451181
73 18 234.5693557105219
80 90 552.3579347208477
39 11 264.7656313739426
66 17 128.30691806718363
40 37 239.4885730360559
72 39 46.685856219351784
83 27 49.112092461305394
71 9 431.35708024938833
98 71 362.0846608240828
74 87 76.21152661074669
24 82 253.82157483060692
84 3 337.366628634219
62 42 80.87879247878558
47 10 288.5865041876281
60 62 156.2318324246593
11 17 116.507908220373
71 77 174.85581795395936
25 75 18.304039457514868
77 68 32.44365587580182
87 80 199.2701473269276
88 57 22.824627480376193
95 54 186.75909228987803
80 3 280.4297311341908
14 5 9.46858204107588
41 93 315.3987049538395
39 64 293.37497757665454
50 49 422.84487637912196
8 14 108.09243702100184
82 58 84.81668744577836
36 10 224.50009464099372
16 40 464.6697176452062
45 44 46.17730139331735
69 87 141.97375661765938
47 34 171.11175691121485
38 74 461.9667742823636
99 76 76.62328283783434
20 58 13.640670356607027
25 2 144.42838683948017
3 72 264.07347230882385
72 90 306.28201610403767
8 13 238.55286633445297
25 49 77.69694008226503
0 52 102.25426419812504
18 79 92.42266856159176
85 95 24.19978525821907
92 78 186.31830594685908
22 35 277.10166115715805
50 33 459.5290223524073
60 65 159.30458661747647
61 78 186.38623267112675
33 29 166.1208009418405
16 61 145.75156440614623
72 68 648.4447586996682
72 2 175.02888914011848
62 51 503.2954839782083
2 54 58.00571287498183
27 75 187.50144441209466
88 63 221.7337540739476
58 47 596.769541685212
37 43 162.72320452221678
91 98 49.54205679200122
52 86 21.786240859544787
13 25 363.3632196608095
38 21 501.45890656144115
26 25 159.38710405964142
45 71 181.0508185057768
66 87 105.73546021553733
64 41 472.63603269216753
57 81 130.19841626324694
81 30 528.8562077585366
20 2 293.5273955003108
89 78 4.668575267573127
53 97 539.4498623973703
28 16 464.3006636456614
16 51 133.16980137642403
79 60 244.07598821591955
49 54 248.94250853021808
88 39 129.3848640515932
34 28 290.8868324585218
88 40 180.13397086867306
16 29 266.2826311962485
25 70 132.46448994159775
53 20 68.57033179269962
14 61 34.66009918314382
15 8 1.7707201285502485
2 91 167.51119166056426
27 4 31.2147041456301
60 37 28.519394082403167
43 42 202.61617057291238
52 20 262.1847608410892
55 74 135.40263964299186
19 23 155.16926712251993
6 26 52.31381718558343
21 15 287.77512901214817
16 89 94.25835618404261
46 66 160.58997673406677
28 42 192.1159024301728
29 12 49.47257050561035
38 49 620.9588391815225
29 34 81.38044045092715
1 70 100.86384146672916
58 85 28.714174494162283
25 23 223.12803311439384
52 45 23.229349816964763
59 76 257.26346081298084
95 55 542.6994425383898
29 17 2.4394980987043775
9 3 160.4664245481047
84 99 57.380563785962
89 15 95.51529703487998
92 8 105.50211451992814
4 0 59.53307125790517
34 21 69.54904959372706
56 65 209.13819439903287
6.801745507305693 5.827438605465074 12.552753051050518 15.314148167186286 2.0579699588172367 6.822342547596744 2.7112095894091306 9.287714483287598 18.526520654439974 25.4813119542249 15.936702092334427 5.297745185133225 10.542585908880081 8.688077151767889 8.746392651587607 1.839179398003886 17.10772801247964 5.243202031954015 8.600499869753504 2.1079971581401944 21.911236078879497 11.03552796127284 3.822808628177205 26.31811484881316 14.589427052685915 1.0173720839959675 39.58255120977526 15.12973446102723 6.569929522884329 10.999657739665192 13.654283574390861 24.672387770470706 53.30368500666999 0.7112374424830537 33.96317874428175 7.185506308891099 28.529633761991917 2.0586905802791766 17.415833137945143 8.099962881695888 10.327034262969082 26.03900013588959 16.768632028839583 5.7341324933834805 5.961228839975554 9.849204789101178 15.824875595471614 0.6208155681087142 1.9978199370374652 0.23525049065153933 2.790883838710185 23.86361219582826 3.694808021679263 3.9702963183849853 16.634736225881092 11.1669504207043 5.018935574341105 5.062106179300619 6.02119592579119 7.527220607326455 5.0607294456592715 2.814184588322246 0.6911874118876131 26.454641320976677 7.555376081882007 2.9078924954604215 19.89087210921713 34.17402197838088 8.860543597646508 5.015417616690415 8.830291649190242 19.87999530164106 31.259716571586335 9.311390907950486 2.1227144524912824 31.833481256553974 27.565045697124546 0.37109521229118747 10.105513154112433 16.871564165738665 6.778561182539966 5.968437351621603 1.4418991571960014 7.525135291909098 1.3775875892371292 4.168820574655254 6.18256007251632 3.0902514363414513 3.4505330829761167 7.576205639441193 14.529360015753365 2.6337954838320505 6.025496425082775 0.025775374004164218 15.818639082025177 19.95955819234224 24.049974125087733 9.554622608753938 6.116948544976376 28.701377005468167
3
3
0 1 6.333956332635204
0 2 153.28458149479232
1 2 134.24580103950134
600 800 600
