100
226
7 24 58.56976037299192
46 92 165.87715371005655
71 58 95.0981648790677
96 88 288.8703622919197
55 14 28.756397290079622
42 59 77.63968512247872
3 80 194.58856601662288
33 44 46.94823022967237
94 2 138.04087546337672
72 34 123.15833457405101
29 32 117.42098277704203
82 21 26.624620094173324
41 33 382.3382810483026
94 9 183.24800836815513
14 62 98.3807534300068
95 79 372.63917659504074
58 40 14.419911684602054
37 23 392.52507025095025
80 37 560.3300408836545
27 57 45.73058160425733
33 70 157.93101855508453
47 80 155.33463770243847
73 39 196.36618108093606
83 65 105.05850010042465
82 6 711.7425673826708
16 55 286.4660164904698
30 60 84.35761216199727
56 13 181.7504641559824
33 47 266.16296704755956
21 62 72.05624209204693
84 17 398.0530386735528
20 73 229.2470506492522
16 77 240.53308307363358
76 14 333.8917445772712
95 8 46.932483886589864
93 91 355.6195638364125
77 21 174.16443490187484
8 92 656.4099837176963
92 56 223.32154262822647
30 93 293.30718239473964
57 38 136.9444878328936
18 63 21.212312509968957
35 40 128.98861433350396
35 72 557.9090647962051
94 89 59.813507368766686
13 69 103.4993561362348
7 66 257.3365759706587
65 30 106.40825769193742
70 45 513.849854872541
26 97 184.03878009120393
40 76 33.01107209561591
75 37 98.17601246906088
21 65 212.51047481536284
70 94 374.5394506784502
28 69 95.63836823804593
93 99 26.638116941979096
52 54 74.55282215620454
74 58 25.800869847715514
2 76 265.998294510894
4 77 109.78362089452331
82 54 75.2182832240496
97 46 134.76171602304788
68 46 94.12914104038836
70 47 132.55084601439367
21 50 466.6498105517783
2 26 354.8226494936928
20 51 103.97984364817982
32 94 12.653327015196393
17 58 54.64024985911602
83 10 148.6037050571202
66 67 77.70446596132187
69 67 17.299452204969178
55 92 265.1500563805887
18 81 33.9371257553308
38 55 89.38971227171777
30 90 108.01323962467507
34 55 138.57938617857454
11 86 66.46309019779008
61 25 6.862647814648833
47 36 196.15011631097184
35 87 150.38612576318613
91 6 2.211533604221233
79 11 35.79898172350377
63 37 101.44679141300928
87 27 24.6449803260174
92 79 251.43730031757653
9 57 87.48181465895752
65 0 402.75238795354414
57 3 158.37013104148377
61 24 138.0127557802694
58 59 4.908670566774961
61 60 265.4315452070207
37 98 207.49957784448006
81 56 6.081907485666107
85 86 358.8416309582186
53 85 59.829104445319444
76 37 95.51859099253616
56 0 53.46901881333373
67 1 165.8863865245361
46 16 110.82825371473997
75 9 83.58440658712027
71 59 443.62579006255345
47 39 67.21702368268244
56 90 74.42482409304968
29 4 175.71859468310225
76 4 183.5744524512046
47 20 611.0955147681051
61 74 133.7301323132962
51 36 846.5346769152028
34 15 271.52635515535366
97 65 96.37745044032559
95 75 160.30512085467663
82 32 4.849386618297532
38 70 951.7401721499286
61 59 585.9171200789963
56 77 66.22035364362897
43 26 196.44235834696673
75 54 232.46767143728673
10 7 45.50487630249139
89 99 249.75903843113434
18 10 136.76461732443985
97 49 418.52173551736416
76 82 22.300793932414607
46 6 104.03068834797958
42 81 72.49167179271649
73 88 313.57985209291945
99 61 24.195078031866462
96 47 63.616389306833234
31 99 385.94802441499155
70 75 285.7520978512846
32 76 42.09256883333628
84 8 689.9685740034265
29 31 390.43877586124324
41 94 63.50007453446593
88 67 228.57540519653872
78 77 62.63730690532845
21 24 254.904102542947
12 72 391.12819158673506
64 87 89.01824779136413
13 55 139.71474177943392
18 15 359.13019688407707
90 9 128.59488944822698
35 98 264.31034502668103
51 60 416.63167659455934
1 48 138.26486583884693
90 78 35.25412114994752
23 54 567.2560746777051
73 91 616.79915273032
99 7 223.45990479135872
19 55 402.6381593992086
57 30 700.5143698574001
22 13 587.939300190353
2 85 308.3514798043266
86 13 390.0882405149851
16 99 246.09119154142914
79 18 29.28541387464817
74 40 46.4220157661386
35 26 59.67619227438556
17 36 474.61076647100447
53 48 175.46083353558424
26 30 114.35557656540469
94 15 281.49304065151455
90 37 85.09743446043313
86 25 139.48665471094765
66 98 219.5494556960945
51 49 188.73220234566648
32 70 70.54973538270339
99 74 28.718192789771706
98 97 114.28360620759344
50 46 77.94300604673532
28 2 183.16591988625746
69 63 102.88147504701053
48 23 157.72290305677868
5 74 74.68929713011202
70 97 71.68089117658268
97 28 405.21953059444684
64 51 76.33804695153877
19 62 161.4959544445028
47 63 246.1056241906725
76 57 764.3113390783748
16 48 197.483443626456
83 16 36.79865250086131
97 21 180.57344955728212
95 43 167.6736247732488
79 98 273.62988331275676
28 18 33.25994083383688
30 67 4.2678879441216955
26 14 75.15399971190122
51 79 26.503661875851858
87 92 71.46338210845113
68 66 607.9870483062715
34 89 170.05215714555035
47 3 95.291524850331
75 22 122.06167977271076
88 69 246.52001426091874
84 95 53.59558964479707
73 55 105.35849835582383
39 61 64.59996330209026
7 50 203.1699980325802
50 15 220.89441106830722
11 3 92.32945196911234
78 57 76.13051767540202
69 56 68.46877400238327
27 24 181.7427851473704
20 80 791.4324825726694
49 65 392.47708484264285
60 12 322.6761857228479
4 73 287.14325375938927
8 77 135.0721971526989
84 18 23.198881196607047
82 48 33.47358308735768
86 2 154.96878438699454
44 19 114.93521208217518
62 34 145.8466624255824
73 22 125.79069666179869
88 32 59.89917603460449
70 88 54.82140224310881
18 60 12.278926783060408
52 67 784.0767078760907
14 66 189.8537558787453
42 0 11.939786492816449
0 93 361.971512711328
8 47 50.77303808992026
35 82 61.56944833518675
61 14 102.15056378597158
13 90 49.33049801552923
10.844668676856461 2.499942321974456 74.23065684534491 4.577079008305262 2.6840131751057914 0.0017685796381681652 5.624538222158076 6.768811375950835 15.379088163624335 0.26154186631768395 2.700157750150505 4.951274722044364 31.38447137138113 24.756969228572142 6.527691421511179 7.540552311716784 10.597087645051303 15.002673740828305 1.9009686465664428 5.017399605973151 10.393102072787437 1.5970088643393274 1.5024988958089767 0.8631380634603663 3.9939234776740387 2.2474091590710703 2.910839688982572 19.867825617266696 6.113104167861861 11.10336654214784 25.68427964554015 3.5710422241834077 8.262658297228338 67.39170679976087 8.704441595710415 7.087314655160371 5.964890369111315 19.629057562391356 1.753276881851412 1.5223162318685504 12.96624158992511 5.336871086163635 2.246286554714315 24.184196442810947 12.554603606022752 6.883848266337038 1.099053133708185 9.73597462636041 3.857743722663431 4.383334234491948 4.810458789711138 1.0654620877717451 7.5570430641495845 7.517872139840135 4.372015901984812 15.602236146905726 1.4294538795319984 1.5495667385778544 12.861089498327253 3.983594840121369 0.041472990795784655 0.02159449149655882 15.006843003748575 0.5304405926616047 28.134803057118596 12.261221806229539 9.57237754346685 0.5189789360715232 6.212557817687988 5.323569776089182 17.548710151466352 2.9381563350545905 3.843425561052722 15.863851961737259 4.2069890113234125 21.796501378332533 7.899680737001024 4.7467117215980075 29.185513900384443 10.415195325290675 31.91686803246875 8.006335070728491 21.3220066176946 0.613210955605288 13.80194695032947 4.440693835883739 6.0688721616480095 9.440051891239769 8.049695022971036 6.758169539506572 1.948656167317997 8.583887848995843 21.381091310152044 20.344966830552586 1.1447812617965272 16.108174883871843 1.5142048235416314 13.608179154243569 6.071839892432572 1.8808675810750506
3
3
1 2 371.9990312698986
0 1 364.89324247383746
0 2 91.09563680526473
300 500 700
