200
2294
98 1 118.79518980695887
13 122 215.43096077233818
10 40 328.77538474052386
148 1 0.7267164880027315
141 136 328.12447614900617
71 143 751.4682483313454
144 130 10.911449120426624
3 91 244.59380562299228
11 33 327.44028310793635
52 139 140.5802170883485
60 130 90.28906831624651
170 121 181.0991060246638
21 124 19.57646590359683
119 113 133.6041793142207
68 187 407.9950955231319
67 81 81.84937393744043
166 21 18.384998066424572
127 163 165.62405141944066
133 73 293.25796786508664
197 187 178.56583211458607
48 114 3.281492113842633
17 54 72.09206513259623
35 61 23.220624415201215
82 35 435.66500423498775
56 179 79.72669148862545
170 87 86.9524561443842
190 175 169.67298714506057
153 107 237.3136837615828
42 193 137.71250812749986
152 91 119.47455977804363
1 174 57.16875998232567
32 150 731.3335934993065
64 26 66.4136692041425
14 60 9.717389478220696
135 140 4.485579632025765
165 59 75.16946064695681
27 60 100.84273699036154
108 12 76.61224581230506
170 1 1.8222417079806246
37 93 236.66004171831702
45 11 30.801606106460017
73 22 374.8716227581643
73 16 234.549806847505
57 101 389.037278241098
124 27 3.848453316662491
63 131 103.83722731801257
123 128 303.96253446173773
67 114 49.395016859831344
47 138 123.3263961662099
136 80 344.5676279459831
147 142 184.92930518988132
128 153 65.81898257980066
162 111 462.89042290681186
149 79 18.157420904917586
32 157 258.33787220632144
2 114 147.3472939490751
9 161 16.132745135287024
138 94 6.862335734624063
144 19 111.16571386297822
165 35 19.439486525002796
132 192 45.95597523063926
42 183 239.11577155079016
196 13 161.54642359253478
162 87 76.1663956349669
157 71 576.8413148123439
52 115 271.6774483984652
32 40 120.07372984551597
90 65 214.3371316028014
135 99 396.18385296245816
66 199 33.29130457090462
159 47 183.11240286514723
54 189 137.21801869933535
159 193 35.725119666333846
46 31 226.45808056802665
154 148 242.0701053591599
168 194 22.64280650502516
155 161 28.752203958944193
73 161 65.57440190079305
113 146 761.9239974026458
91 75 209.38543175309155
156 55 396.7536486992395
150 168 119.0701409989903
173 39 130.88919541269908
31 40 181.70786089381554
151 191 433.8574862330279
85 63 73.71109393419997
193 141 48.360218843313554
173 195 529.6823780761546
31 11 311.3871752494036
96 152 11.371741117555365
102 141 191.63225502883225
41 28 4.51139291353434
4 198 125.6421805572069
4 194 213.1634841445607
25 67 53.580900267364804
86 69 20.00087105152631
64 156 110.57690672215475
136 104 432.811546000889
73 98 75.15631433418784
84 67 53.496716057854655
129 60 56.86929251410709
150 127 281.1394857012939
84 92 71.96682517604339
171 82 135.94578967962488
45 101 16.159032662160985
116 15 17.95091153556023
186 189 58.759824370378375
112 76 70.42761621493952
87 129 292.68565032411107
12 32 144.90382981130122
14 17 122.82981187128088
172 23 111.7042260006252
146 182 36.600606149036636
167 148 139.3792449802733
191 41 201.74914358934228
162 105 33.701000009579005
42 75 364.1078189153948
96 120 723.7322960118516
43 46 138.65710883119172
130 39 221.18928475568325
93 179 107.5949497451583
57 43 24.983840549438664
65 28 148.74906469277005
51 55 390.2777789042717
162 131 231.6892481431962
36 98 118.94216222960002
29 131 61.772104505158545
36 146 183.79142043619697
68 197 110.65810658762211
54 101 238.63236686203595
134 11 255.97182674506146
178 68 44.44287030805426
93 159 3.442373388341168
150 149 65.19952156631729
157 80 309.89030714136214
195 58 62.26766786459434
16 67 383.82048647916463
49 197 13.045334304623896
99 112 3.117352680422849
108 67 107.45567907818221
114 181 164.69576898098904
115 197 566.2467176875791
124 36 171.38449699032213
129 193 75.95859552289419
55 52 38.9813363383283
91 12 46.77509801031927
122 76 140.57652618289515
102 29 76.11027303067821
7 112 126.77830356171995
25 90 29.32094394396385
141 20 16.166422456210412
65 100 181.10434932096524
176 85 275.45198026828064
171 29 38.33346858803739
21 120 61.662926395598305
171 4 73.19813566043912
27 69 454.63894429183034
158 172 162.67074802011768
49 179 86.03458304928334
79 17 304.19413728772884
29 75 81.51270929325561
178 120 322.60794566904434
18 113 54.86756559863429
127 27 159.62811533952578
4 16 260.8091360173743
66 101 329.55492456074575
8 54 579.0349082214537
133 160 44.4527317490473
105 120 457.0255049125377
192 9 75.54698996717504
10 28 23.839268196956063
1 189 306.50605338155816
178 105 217.43657254682586
130 26 2.2219103388187484
97 199 159.02163104637876
119 182 97.3987127075977
65 1 292.1909444177891
162 10 190.99300588846845
41 73 389.21546759764874
147 140 41.73016324338425
60 119 194.5714337230954
179 134 124.38274913226972
120 153 221.0342208962203
131 143 31.575196249156896
6 123 232.5548960865854
157 186 22.655607540666274
91 140 15.89629232345128
171 23 237.4838660798393
14 5 109.36202876733516
153 32 50.091523206179
149 7 507.0148249905955
168 88 14.683669420517734
9 36 48.245572070211594
62 75 305.7025324116527
172 170 219.34659064009657
181 101 29.30785755355889
60 177 642.5715042964114
90 27 53.260590778043714
58 87 9.38218243928952
122 196 130.412266154614
46 184 34.07251354047359
153 26 95.28356929109322
87 153 143.6984325224359
35 163 51.287580465478044
146 97 181.77509114676582
138 75 623.9866948475445
121 10 287.35426757990206
166 143 858.16483659492
180 96 177.47264678542186
196 31 143.17046283965385
74 127 218.8460575094179
143 154 510.3266944835127
101 6 133.7470481238072
59 106 126.20299350964768
54 66 62.53309904296961
166 39 177.2460371008832
170 177 532.0692973822858
145 126 5.051647930569062
99 163 35.46172213244842
173 78 347.3765171614457
45 153 144.89964286373046
63 49 363.6925257285509
56 101 101.53922263926628
130 16 234.67543448274637
16 147 440.0782038543242
67 26 59.20126458090266
192 181 79.98389861560075
61 139 31.521166853143278
140 60 20.74688277762195
52 194 60.041694958442385
13 187 49.18682782649084
172 54 514.3258361111505
138 127 359.4646636483547
19 88 25.424014257176236
118 92 39.08969526880714
111 8 388.0646232176063
143 4 229.3219223236
132 142 58.58852374725153
71 123 15.069599269881524
107 60 237.94425203765604
165 61 319.117822387306
68 148 227.4638056059428
120 25 65.99646119577261
23 121 82.1786399063133
47 114 133.16672740148417
90 186 679.0018259858628
43 45 352.3711192150475
40 21 51.800388600523696
170 17 9.10812490567294
70 40 193.05659365253146
115 49 61.846804179983536
155 157 212.7388224815422
163 168 344.26233101600855
1 67 84.30812732407632
156 69 345.98413801706937
178 117 151.30749774762378
6 154 476.44391233503836
104 31 287.8375013393518
188 36 305.9832244292362
141 128 70.92702266588039
52 198 9.055222671796258
168 81 262.33940433530796
112 152 295.4114261722327
119 146 157.7473549020201
83 10 75.72798624392765
78 94 166.09272614942313
63 177 183.62819948195582
89 124 729.9228054556336
140 81 675.924430855439
42 137 35.98325874219352
55 4 203.52800623600112
148 30 113.18044964099036
156 192 49.10770282829128
96 139 49.70879327429309
91 108 41.5257940744917
167 44 329.9184136863602
127 116 65.03356223178196
41 78 106.22879338717341
127 156 132.92936236516533
45 57 74.00911669608432
21 30 574.9910311061631
35 148 289.7358147623897
14 96 267.8677305701189
188 135 179.3182079675849
136 13 57.50940228462596
95 111 116.73383458247264
10 25 217.14542078698688
47 34 108.89587039933355
100 54 334.64358126397207
60 65 7.139463483771685
35 85 8.528700915530463
165 196 243.22723466611157
155 24 117.3488193364782
129 173 38.488398318994356
73 166 366.48711091076024
95 164 68.19009126933376
54 149 408.8036974342815
90 111 90.23112874519884
190 4 329.4106320629763
127 26 85.36925655402156
36 180 741.469180228564
197 163 518.2806643940597
0 131 219.00121319824342
189 178 11.804792675388603
43 149 63.26250191727125
115 35 378.853018260641
165 74 29.697729924774013
90 5 99.23466035151932
38 127 21.976340655866288
119 124 431.0761786270641
182 170 57.16500575366541
189 162 96.27052273463353
73 86 29.06930889888003
51 111 107.56396806668491
68 58 165.8040595545333
194 55 241.0777068984863
167 190 138.1513711986205
5 129 26.49999200092595
2 71 115.03045096132867
84 4 95.1414866902024
117 100 265.20208268902473
191 25 152.51384254879645
189 2 216.893856419389
128 20 239.43503406134835
36 32 244.5457525740498
1 181 338.38561525298354
68 151 108.9809590294571
101 22 264.4347541177862
3 53 87.54394098953017
48 135 224.89623698592655
78 28 809.0050626980144
80 195 73.91726217004438
82 139 78.38525441669704
19 6 549.4427600521267
163 194 32.05012841763782
43 61 35.36575247745201
137 139 39.76927731893089
5 44 140.5456005757986
131 79 5.777750240031115
40 140 553.0002665839271
115 146 45.67152769015688
150 17 254.84839024369356
128 5 102.9749038412973
48 84 52.66164287923155
68 49 137.9459709127083
159 34 255.78779496889052
3 103 149.47046626324513
41 99 73.33140038018125
163 111 117.04324082172755
55 180 92.38134679323355
60 70 762.4707733174265
54 50 54.94503596346346
163 159 94.15496346968885
2 15 115.87117366996989
20 73 354.1527508424842
121 149 55.36861325957886
8 138 257.6958446479392
104 166 60.22116510874349
119 53 46.16569112033284
84 125 181.39609858589924
126 31 259.33057890205055
26 86 261.56133181057896
159 115 11.381810877721144
83 40 42.12742383826428
82 149 65.29042266302281
76 16 215.67160635391005
53 135 313.1436186943248
138 111 432.15338312260354
135 184 111.7393095588056
178 66 242.78153139492247
140 121 53.55747642737001
186 16 157.80392959499937
99 74 3.4858028243701202
57 4 883.5854033637146
64 107 312.02206627250007
86 46 105.63732525290057
21 165 474.67467835963146
146 116 98.43395196374402
194 85 356.81097075221265
52 1 134.99926093101783
194 178 18.971175441154323
161 21 1.7870463665361793
112 178 66.83926840203411
199 119 238.1058075231828
150 41 14.254862525713019
112 98 150.8135553889089
101 174 363.703273019306
162 170 627.6869344222006
49 183 61.51660309072491
147 143 43.56702943459598
127 77 13.43753841244041
155 17 95.1594339055491
184 159 167.11450615399522
39 128 437.1766025261544
41 102 725.4715559137642
157 60 23.758704097048593
167 49 12.766790596278401
146 177 77.75248177066213
141 96 62.95141553383621
59 46 461.79787714555056
139 26 159.98864587956888
80 22 25.92102829562809
29 53 135.28625566425342
161 40 3.360425921618335
12 119 43.695060139278695
134 122 1136.577943978916
34 148 175.46083441239136
8 76 75.37881399894093
60 59 139.72308869464192
120 182 174.4947548450419
94 153 127.26509896804833
144 88 116.31666802547811
74 3 206.40153732736005
167 85 154.72656403708606
73 42 488.70036432588694
31 169 259.3190361281843
189 111 358.22834934632004
122 83 202.35964637238482
48 197 139.7112953302131
191 4 98.22013327026472
185 96 95.05494915370089
165 1 754.3007648576762
197 90 23.982158767074342
21 77 173.47268253859164
104 177 36.61968690437612
99 157 758.2444916021113
59 150 1.7401658808594973
41 170 175.0481132013685
100 188 39.03130368754938
75 99 71.56609300220425
104 82 143.4961699717276
43 137 74.28349803091534
167 3 240.156464466481
141 118 108.86260697384829
71 12 64.52020353271963
153 28 15.87591147808711
56 76 71.34105289118818
24 18 118.293122108505
82 15 188.74966584961908
163 37 125.50730868381935
50 66 66.80821425006606
25 57 6.116575466133744
3 193 64.15642786420854
137 8 52.88547854581863
182 47 51.50142056009359
60 31 239.27071447691443
84 1 395.3424696738672
137 47 354.5509062463291
103 22 46.65473183673026
102 66 208.1639479850422
24 167 24.14350295825279
59 163 93.63246620352967
83 87 30.02275177432583
185 199 39.47336350861556
149 173 269.60712229399627
144 118 15.423022178658172
85 130 332.8199253851701
92 127 94.67544565603802
76 89 28.943401096476673
58 170 302.5896950459064
17 86 60.43880241104467
65 176 53.142434543548035
159 124 39.514688958783886
82 183 246.55242952123828
108 9 11.068376034483235
28 29 150.70829104604647
136 192 1.1518344990523575
71 169 5.788330162486584
128 179 130.72416193190165
24 152 139.99220918604377
76 98 179.2247483626333
169 104 475.2997601773438
185 99 299.71219310515596
36 35 120.21127075043042
92 126 194.61164966921635
34 39 30.869512902032152
27 87 50.734600380387754
155 146 163.38825420695733
174 66 86.91984539798582
133 86 146.12133043338463
150 91 658.9022452092667
197 66 75.59553957229241
190 192 286.1357588380394
179 175 48.267836759507674
29 178 574.2316096410806
27 155 944.0955558482108
3 143 176.70795873170619
105 132 92.88797022122307
166 40 58.149928727366316
154 187 268.88735364280853
49 6 700.5031011670062
65 12 30.867911733485265
139 40 40.82889708323197
125 127 16.481367406217203
81 51 66.57279346498714
60 179 99.58676018408161
118 5 351.4034653005128
122 23 240.32883804073433
86 110 108.79907250113622
81 79 143.66596159925993
78 142 1515.3277260988143
53 36 9.491882858642061
100 57 32.1413215139831
150 157 36.458671451009266
29 16 156.6063988392931
174 168 27.170220293257124
88 98 105.96286876867605
85 86 92.0255825572435
53 132 248.9186176676275
65 59 516.7807217238328
169 187 139.7794988564635
123 1 213.66946716194252
11 51 101.73240538765688
109 5 44.860507458705015
14 92 373.97061779118354
168 70 124.86144364269218
107 35 72.10493684401126
94 172 196.97935332089799
90 104 208.02619465887284
198 160 63.808536757637356
131 164 84.47200034028229
193 49 243.9966952554022
143 7 113.9367394512352
144 110 127.39729939087634
185 74 204.38764198948448
68 132 138.33947441342062
181 159 111.3282928734729
84 71 337.7698441722192
43 169 69.36136866131021
167 174 56.003763398581086
140 141 147.2428121213745
116 94 1.7859610297536146
195 5 102.13347796473937
111 78 12.789598175297584
181 14 45.64849616770044
179 90 137.1175630837834
44 33 1.9810338552134141
196 96 333.551939323354
104 182 541.6852773453016
197 96 88.75079788785962
29 40 74.05731580790064
144 77 176.62654679426413
95 27 255.24266024710656
119 44 293.72418802777804
150 71 369.0680306077497
66 32 136.57832363256927
113 56 447.66606026081786
44 37 887.3827364043157
23 153 186.17564968378363
96 10 430.70050182382136
143 190 51.56212526512115
111 53 124.16254737908412
188 88 9.760868106437247
110 145 66.40400621898036
145 170 47.13360232405804
185 143 44.31688012988541
54 109 64.79980327376398
191 53 181.51579117692654
110 168 605.325300959453
191 113 147.17023103870787
60 172 389.0206962293991
68 155 395.17570579397386
180 121 589.2968107253781
124 53 203.77773514701292
100 44 184.34620861537383
69 59 100.64846374973743
92 121 20.742559327240212
107 19 1059.1416485728257
93 21 449.58691186361176
25 139 147.00842584082542
173 105 85.94750854892614
160 30 525.9718657355397
164 153 25.41950727144347
175 37 203.3991366821122
34 144 309.7177593730253
108 18 327.76332056187846
116 119 101.85918396260926
159 144 92.19989368444932
165 17 103.97273023378997
198 85 42.355646257156835
149 147 180.667519066735
128 53 98.528597060381
5 50 82.41623444915406
16 155 351.2842538237094
190 45 80.12631518080981
95 132 94.10898176880663
60 159 59.0254931739335
79 21 178.79411103747793
149 155 363.39816240171814
68 48 222.90054468772234
76 74 388.85909086217094
69 37 117.81148453305848
114 138 132.92438947652826
190 159 278.0796926530446
113 132 373.5801003851312
198 11 147.81984353314434
170 33 37.13330071544517
68 25 349.6559757068861
143 129 38.93248572074097
187 44 1.9899629398486434
60 193 2.023468921039805
123 199 0.8654363927213296
100 148 42.45097750933775
186 35 790.596970041652
191 122 6.349721353985662
153 151 121.64268584618208
8 153 66.70074182553898
111 6 1068.1263088552382
28 31 379.38745863263034
156 163 95.17496435057102
112 180 270.9990297320822
138 145 112.13626834150527
179 157 79.46541369393093
148 141 346.3922256940508
156 73 24.9663353601858
130 84 21.09732712530959
167 55 142.8381499665174
192 13 5.605040101891314
1 159 184.86857075942973
73 34 144.57830516223083
147 84 206.0177527642205
82 160 36.955517433727294
64 138 428.32328017655794
192 58 124.31808809223992
59 127 143.31501287600122
113 145 185.36754281736202
127 46 35.00609524246979
73 4 257.91843071082656
188 26 96.25447079777084
48 190 42.37907287238604
59 85 94.32253890121672
104 79 37.046205151268936
105 161 187.13270194942558
178 168 187.91207672206872
35 91 345.38059643584677
81 97 21.62360582295646
62 167 27.037780083121437
115 181 338.9521969274337
168 116 15.670233793834493
106 81 182.82648362248258
23 161 173.06163680142535
81 23 144.91189431475783
82 46 110.92674531236948
126 1 44.85787640791787
2 103 579.5761866095601
134 32 242.81372427819124
89 34 66.90255309660147
19 41 314.69039219207446
81 33 433.6439748311954
65 188 173.96882207288607
34 118 55.069597718480146
30 42 399.87920553730385
117 77 393.60757173565116
40 94 135.44915341883714
171 109 283.4815153897668
33 47 38.656295101516406
88 149 198.0721484832623
86 76 102.70944932952591
49 83 214.44646364780544
168 38 14.03991845668046
161 147 835.9050545236096
194 94 72.27323580564058
35 127 7.394847866089488
97 191 881.0737556621616
51 5 434.8779642124444
1 122 109.54957133790116
187 39 8.84966939257015
117 182 223.30996136520292
34 58 211.16121505498273
162 141 112.78672937843356
48 163 163.3708566899367
104 114 297.9692239199205
86 156 129.57174117818707
68 60 25.610836273342652
112 155 15.398579929870179
83 153 285.6128057037836
139 144 604.9413476807589
56 126 6.84420656802704
43 38 118.01520935769825
92 98 210.72367055026135
184 37 138.3610870832831
50 29 37.37368519538317
158 5 209.33710395357076
121 157 156.87588165620377
104 64 124.30354971746684
103 130 24.837161552473653
178 76 200.26306423779636
176 12 33.26883665367205
158 3 45.45212394130533
70 45 187.81727556513027
163 28 88.73385243884947
4 164 0.4304244283396853
19 145 136.4661813632888
135 129 371.14179720578073
109 60 141.31455457008707
40 23 144.08843368908498
162 72 304.1213970229064
189 65 16.250765755527745
179 129 104.97958313551274
195 158 195.95498647129844
179 82 273.607056130386
134 196 0.854365675590001
8 148 12.20983517617104
91 166 37.44198956522365
59 105 80.7750097874609
10 164 240.73951164167036
32 57 178.18648491365192
27 84 376.1636694069696
71 137 95.13274903236002
79 100 327.9624779025621
131 81 45.96558342318301
70 132 122.49955117211651
111 103 48.8840968678229
37 188 17.39401698951875
99 69 378.74262057141425
166 108 133.34669892233637
113 80 62.62926154918097
41 53 21.845627465693227
32 104 188.89647348398023
140 122 218.47556530877532
41 59 69.17394404087138
106 89 48.65755171225473
173 185 43.98357539135282
49 43 19.104381134840185
120 92 204.8031653418666
9 105 21.01220645991293
90 6 195.72316447908892
198 193 214.72845928466117
39 10 190.44973103931443
3 113 34.08436449930367
92 142 203.2454976628486
37 133 938.7301396957907
38 75 264.43100126655577
109 53 58.599995013259345
47 144 216.07762263466572
76 28 0.7395583001763654
140 88 465.3261022932381
142 67 33.415691985726106
76 117 168.214866287719
4 192 260.72078556642685
142 107 24.983369162780047
192 11 375.27345067373824
102 192 117.14573973956956
33 12 327.70481444257615
80 59 47.94757127463229
10 133 45.244797757001145
189 80 3.617556648960633
79 37 283.0493067840637
151 36 95.63733316587168
44 51 25.754952838814948
42 65 261.73633765931356
161 123 852.0146513212486
136 81 96.76717669470759
67 90 158.22666404296157
140 39 38.01656872786133
170 52 407.94404017757324
139 114 36.16135667181798
25 34 188.81073745210352
179 108 290.06979612840155
176 39 188.60672301850778
73 159 109.21935515877183
104 137 20.599502295981747
188 50 134.37656155262886
171 16 168.02663468925203
33 150 23.002997375919232
43 97 177.2022135017256
61 17 168.0081236128527
122 109 240.64375265944489
53 199 343.8606093922877
89 128 325.9972070522763
129 16 142.9410371909589
63 96 164.62717151141433
135 13 102.87711539042404
65 199 114.8287065440979
154 197 59.230085740146656
125 151 501.01240096849466
13 26 95.92750411227645
129 83 1094.3917042415173
102 147 97.52557449991976
27 181 31.220579533210852
178 115 479.1711506503925
74 65 118.63488706911764
172 191 67.78842258587665
14 68 329.23897962418124
77 133 33.88385930530895
94 161 45.61615213189626
137 76 195.17064577023464
195 194 16.95832570435899
2 54 181.21271037618604
102 39 141.70293677441364
170 127 53.66940867678181
0 172 87.50175364459142
54 126 59.14560027820471
195 172 25.443883682992258
102 174 527.6718709461541
55 132 60.1777525863744
176 57 50.2374610198849
46 7 77.34580866156993
193 155 31.780388239834622
93 100 463.23053924844356
161 12 300.2670414871976
164 133 317.45289957650897
35 155 208.00171404709283
96 44 8.703866611519953
84 29 88.47329248681488
109 183 12.262333556661895
100 101 281.7316033670261
50 190 172.83521765840973
186 183 76.95763994615152
68 79 287.07533506577306
58 143 180.6922261411892
158 126 765.6099737321279
124 32 97.07363303629525
72 171 66.79527651124104
14 101 244.2073951340612
175 194 171.96644040174934
39 42 47.30394636006002
78 44 295.1718401475175
184 87 95.87260782775219
118 62 225.37995316778887
79 56 167.06817479322095
73 142 549.2042998222762
199 23 85.59691268749795
95 12 205.34636707397195
77 13 35.531024849372464
16 166 360.27111232717334
98 167 146.9749503520025
136 100 163.15483068822277
139 141 190.0686212481967
120 110 88.09275252554805
28 93 291.87787328209436
178 95 175.33789060384458
27 149 134.13746523884583
139 23 314.94653508140516
174 132 88.61768823944395
2 196 168.30483305448536
50 196 58.281676554843564
152 104 440.9803747072382
58 164 158.4066937230653
66 79 32.791136849379626
23 38 50.92463821927316
179 182 188.86126224818437
151 86 630.9990755077663
56 158 5.572014580522517
106 87 114.69363361107409
120 103 425.9467194008868
75 9 1.615499952252452
198 187 470.9244873469066
165 184 14.215864327870253
120 165 156.0960346262263
189 193 100.98626567527795
192 127 357.6854083830635
69 26 16.866379185144726
63 72 283.0302500828874
185 65 428.064658636739
84 118 40.46639728246078
133 141 16.218011942831875
175 108 239.99523780305046
131 148 111.14312291964654
178 65 96.3658757130504
120 47 57.212663408079955
29 177 163.80030606956814
124 26 69.72116152688446
138 52 657.699311904043
149 20 192.10932195231868
173 9 175.92933443493902
104 122 117.73629753931245
45 2 178.83007663949013
170 26 328.7513867699636
3 55 24.896304962165697
69 168 200.49737328103964
87 191 371.73314544866105
123 0 51.731119367816135
96 117 17.831809119711796
171 89 92.55519501859395
57 174 164.574789315673
1 154 43.53452875986182
127 140 54.97311559774419
175 120 353.15382673435903
11 9 389.41801997716385
178 50 52.35464234551308
0 94 24.765333662066592
24 100 12.567541465572814
165 93 372.3116751526791
105 60 130.99752086110726
166 122 130.9060175891991
85 126 86.33880880978346
140 80 150.81262401944943
144 54 191.4269001472903
1 138 282.0511483849378
87 117 759.3887368110368
170 153 669.921572678395
17 74 53.52203259539032
22 55 1.2972443535224003
18 100 428.8749240449732
49 110 44.50078501073315
90 66 162.0753231849787
1 17 542.645320996653
21 73 252.16286748149432
155 142 290.62535214496813
38 157 96.38234988573177
170 141 171.15150518590178
45 104 393.92182720789634
147 195 79.0042411988717
160 21 20.88168727964194
158 184 644.5678621457598
59 194 290.4022511118541
46 20 466.5589038852826
49 195 738.617780766001
57 84 139.9059447081963
160 78 131.17610765036386
122 160 100.33278782110703
167 113 59.31111839601151
59 84 230.7152982131781
92 67 329.55647825575574
185 131 21.912332941131012
87 7 47.355975507569696
158 90 200.25622144502657
165 181 26.21625706175846
95 197 366.9766171326884
171 175 152.00549798833146
147 61 162.31913595678841
188 19 152.02386343597328
187 146 283.285550989459
70 21 68.54099460536888
84 176 180.308813977775
64 186 30.641356206456294
105 21 124.9179801442935
21 16 368.5041404173085
87 113 144.54324859622517
160 167 21.584423328877943
163 110 352.5001469320843
125 196 217.91027533467968
153 155 197.4351188853793
86 143 118.01645967699335
71 104 235.44785280974435
118 128 68.8958770474931
131 145 31.494554637863825
68 96 3.0004007141621747
143 172 164.0058180577084
19 183 335.7592799846224
90 174 144.85101162646257
91 54 194.4958734919077
121 126 388.0431412375136
111 123 31.485312225793322
199 4 62.20365169270777
71 133 510.96611613981497
60 182 144.4737987579208
180 74 106.75921220455477
147 10 15.119613891739506
81 0 389.10872855462304
95 71 83.14077465928119
98 128 108.23565120230457
112 31 24.514348593174475
91 147 163.47209342134926
166 69 47.698553324305074
80 114 176.0696663169237
189 95 40.957370080670955
20 162 163.4944632106228
0 177 215.20247004771426
44 45 208.20830498596874
168 65 134.07361891549655
104 48 112.27465897721716
20 107 156.2674982721467
157 12 64.96624717293955
101 141 109.27951890938532
87 189 314.1451459935351
194 147 281.3653798259827
118 122 39.33583667154347
123 117 327.686723637246
114 187 14.045565180082372
158 103 406.1630392754687
167 192 314.0589204015059
151 105 207.65341821506902
171 163 248.50688313110405
125 114 224.029474527934
49 164 360.89856215772056
152 13 768.7266067215782
151 89 163.93716950399448
177 5 57.532172919677436
174 111 44.850447830332854
52 197 170.20043504229315
49 34 35.48385245859058
156 52 40.35470037626562
132 79 129.8736195175285
101 155 44.65084319448135
135 187 268.46945648941926
62 47 311.58871184742776
82 105 82.47151442084566
97 46 1.0325073221464496
36 52 336.6750747030822
118 35 122.65475356882905
190 137 340.5219148816228
39 46 403.5765121585488
24 90 1067.3703002229418
118 190 366.8166318911234
136 37 236.74907536463823
107 138 432.07011472215004
33 30 34.649753962571
117 145 373.76855425290034
151 122 39.508971653426144
38 74 643.972357601736
84 16 417.66521307848654
150 117 14.249742714075703
195 35 403.6646128974495
71 199 986.3316102792043
41 109 170.42389962606964
130 89 14.085870071040919
116 193 401.21487353537617
170 192 79.61621098458765
57 164 307.77175442365893
85 173 9.492589279045996
71 86 34.149901238193394
130 157 153.32273663610843
164 189 290.3614390597356
89 63 71.40311520186835
126 192 102.11729312586928
86 80 74.39826939065229
61 51 737.6936467417452
165 51 876.1768361627023
29 36 3.0208379642480496
187 61 28.94842766174714
119 67 745.5969280190462
174 56 20.38687562439574
33 123 219.1223706549838
97 65 25.63366849254514
166 48 26.516553853343872
196 192 55.55159599652455
158 93 17.67754039369544
109 161 141.47780309146057
104 91 26.980422510019803
144 80 377.28944047103374
69 68 109.82320531439247
198 49 230.155962131115
22 128 348.29498042264714
191 58 5.596835747690763
155 22 285.34546139795987
118 81 305.35053943067254
183 114 70.92920738614104
79 197 701.0204975520346
112 74 144.19002868261094
97 11 619.0248736818539
73 80 283.1364360657345
123 185 55.7634197485841
174 112 232.5269410037969
192 184 185.04923130249972
34 95 2.8951643557026165
28 21 189.8322141511904
180 155 28.74749428737513
52 145 1022.6672368029124
52 150 313.3508939127467
57 29 79.92137202383941
73 105 195.53495564611123
161 153 329.0892466093962
44 133 25.19716283970831
168 80 36.02716119778639
29 100 230.8466802831348
83 72 849.448961908743
168 97 34.37878252519743
180 48 208.3211822006187
103 40 315.8134595281155
79 181 136.478503508278
47 80 221.59431180294834
126 157 156.34377081881524
97 30 202.0665566613316
89 187 407.1211241664637
196 150 296.91694722319284
6 39 17.891895704171727
48 118 9.046464996091002
104 84 27.619955329982993
190 105 256.6787153310925
122 154 1.4532057341826492
71 78 9.271626923080055
199 183 203.9516818585048
46 134 83.42594560448397
97 195 292.7811242052945
58 133 263.1990161875504
75 118 204.45811669923714
113 135 21.893642435789275
73 46 177.0010751849506
123 164 172.73142872859154
144 93 57.65601847506395
20 77 106.4406925102664
84 173 1.067280966857637
120 49 207.1818290700205
16 12 453.8658200948594
167 151 278.3099816693175
180 83 341.47971607068916
181 150 127.20871728203235
56 10 21.925476285446578
71 32 112.48565694071557
150 12 59.82183937393617
22 54 286.93708025880886
113 46 177.02515052299873
22 193 50.884260218689604
75 184 537.0750361071647
190 11 92.85700101841633
88 91 75.6549788372648
136 182 437.83350722387615
190 8 1.2396228513801582
151 1 325.8756661082256
72 117 239.99878876340998
163 91 253.19974967234754
152 10 103.96884309977712
91 136 569.9396469365013
3 2 145.08618964716322
138 173 8.793308706059053
101 1 90.93031229640754
61 56 287.5380612132399
138 23 40.453058891319934
109 22 94.53813471783805
161 90 359.5216943081292
186 104 3.9003894309300673
4 136 142.27617256132564
41 114 115.0210016761183
84 158 136.85715129126564
186 188 124.73362728361576
105 147 97.75579737168366
158 153 245.27166628717524
110 148 210.6322525194934
166 42 197.6327676736203
123 10 1019.0090569933312
184 172 1.4010218946329192
189 39 628.1800484902312
131 17 9.656089969664697
153 150 365.9752674328247
169 151 30.63419686984476
166 49 491.53558119257684
8 194 301.87653796465673
144 140 151.39207667488444
116 70 13.582700548100984
132 156 3.626766520874478
69 153 45.699201300940615
102 103 142.99791076627398
175 90 64.89187370088524
148 32 50.11801319209257
143 100 55.840232888366
83 97 52.12450062289695
146 162 0.3527713551531759
23 9 26.119210292755586
158 117 10.756311109145571
7 42 172.11458665077305
147 7 40.298985131365654
156 67 0.47454409839228007
13 118 1070.5528863481336
111 25 70.97026720320602
18 182 10.144321933270684
158 74 215.31992755094626
45 168 47.06071347063903
2 27 153.38902413531684
15 6 13.40071337516149
48 128 293.82398404095954
111 184 88.96220755330711
91 89 180.7980624437904
190 61 84.56257969023218
124 34 69.42807042126368
149 90 538.7677258246816
92 90 339.0882791522902
149 86 77.69557619388657
5 21 354.52365600083147
29 63 43.762222223516545
162 139 704.9102082377875
56 83 105.1512570166304
92 72 68.93051678418671
27 39 196.55657663610853
54 14 171.8964882403262
199 175 370.5486151352021
18 147 241.12377371541535
115 148 507.6793221165237
177 133 140.8073754318212
183 38 224.5893913772725
67 154 345.8296494313209
50 181 66.11819589044488
172 186 40.29310925583887
116 158 86.35480931406767
10 57 210.85686395766322
105 2 93.60189590923629
160 170 85.88971925315778
178 195 236.9361227963952
110 193 160.1968925550289
173 166 153.2351608200482
127 78 102.3052219903589
118 97 79.06712667004524
0 2 482.5997829047724
6 9 3.4796708811274524
67 190 744.3479339317096
111 133 190.44091672613058
152 54 13.668447295721068
124 198 340.68186367787854
164 111 61.095633535930524
95 85 261.8004027613657
3 57 219.19578985047937
109 34 228.74705919520613
26 185 69.04072573840126
45 34 249.99842307587028
180 108 187.3252593089297
179 81 31.97357389300224
55 193 82.04352348278776
174 33 132.5732174003238
47 131 38.705649521065446
57 21 27.257272692506145
124 12 113.27830853146976
116 134 194.37885805582619
199 38 148.59196047476766
164 87 86.34640586906713
53 193 14.833151154708382
174 146 528.3161576422458
37 147 15.939710193314607
78 103 75.2971417363954
5 38 39.2239579481039
93 138 528.880305499502
4 85 15.717316623834671
151 177 186.44878562090216
122 10 283.3754424073087
135 136 22.849326662331247
65 143 51.47606998774115
121 69 248.4584749351228
58 166 751.0430620351565
80 103 36.54755099527337
87 20 68.75960483952137
34 84 141.939973249976
78 176 79.91524530022748
32 97 457.52112811691717
192 33 152.06193068109033
71 30 263.63898539488247
123 48 456.554131402432
14 64 434.470295977218
42 199 228.58629023058188
17 52 86.60861516761578
48 15 35.152267796559414
112 6 374.7226047670983
70 172 158.75511005281606
19 192 233.31242611801653
150 81 70.40672714251077
44 47 261.84493740751486
165 187 273.41095663974977
111 131 82.15853961005362
142 52 73.16837253902196
171 185 343.2828519455486
197 144 264.13669478892456
119 10 316.2740563191405
119 27 130.95254217424483
158 178 240.86553245217104
112 134 417.19704261012345
116 71 157.75463421929538
52 73 745.6507374115937
157 50 27.87080115171685
177 135 19.52182844763693
111 116 359.6407186047418
1 73 373.5409085544747
84 39 6.974771507991378
42 180 537.1804713549332
27 66 163.83853478226672
57 178 14.975215498014135
111 170 53.50546210980212
69 65 235.28571231137408
194 70 217.6132924402856
46 156 31.412202174328247
23 88 106.5407337072463
110 102 398.8028474775614
87 41 808.2350526257205
127 198 266.737145757886
25 88 45.20612725862128
7 198 414.2874339171033
147 176 125.80275188155798
184 91 100.22075680879436
71 3 301.40216766001237
190 62 397.92263830093674
55 18 107.12884795957267
112 117 15.305022482816744
126 109 12.704326813957259
82 191 6.740304714035214
36 86 416.1607644374398
51 157 58.90254585632434
66 81 57.48241470055015
21 135 139.87782853104758
67 7 325.7376709459453
151 59 481.74327615407356
187 8 86.65707495258528
83 173 185.3908432518178
97 51 168.73465253254923
175 188 611.1302321354427
11 171 42.53140385291788
126 97 30.5383713468242
56 47 1274.4230020812727
176 110 48.76800872444693
51 88 100.79615938474016
154 81 122.58894853888447
137 6 114.87636438979254
99 88 106.10803703768185
123 179 129.43975549008394
102 86 40.83203364727815
167 112 239.52061561001972
55 66 121.97032460287431
50 122 237.83704924563528
114 70 2.4205673217526487
91 164 108.5662585552508
69 105 304.7947470240929
169 117 472.72979517641556
64 103 27.583870081757784
186 144 371.0402781910392
95 126 540.3598373739027
15 186 22.082333284185545
62 71 149.42969527472215
54 43 70.80925007051425
76 151 57.740645839037654
150 25 122.27752152246157
43 144 182.44475356709978
180 64 420.4227438469355
174 104 340.8167497739828
66 173 57.753369973781346
118 130 57.189710823727665
158 72 278.7350519210397
63 87 189.91028382199178
96 163 13.042376422968765
129 188 209.55824193427364
130 127 422.60298109000666
40 147 109.53427467817814
56 171 144.5426058184541
106 48 76.86076940768476
95 142 389.02434691862646
174 182 283.57506651044326
50 158 59.3505093637544
49 21 99.4663762204084
62 72 17.07793046871271
51 48 90.90031843678382
90 125 295.1705748446324
89 165 248.84580729732724
56 31 19.887180866495964
100 113 340.2532768646194
179 136 34.179088751286706
130 188 169.3868713445198
164 6 345.17159598161
179 85 28.448997769412678
115 112 382.6978093997992
88 141 173.47986790653883
17 19 19.66791856128826
26 59 7.98944126757702
24 33 213.34938761966131
31 176 122.00020709123937
143 160 255.71716072212186
144 180 50.058160406563786
15 16 168.4767638920958
127 61 1174.9298647855678
78 175 202.0419505223812
82 123 443.60005129967686
11 36 4.692729752645368
47 67 283.48035973183465
40 150 63.21336210262526
124 164 118.91706763240948
176 166 151.1478367243646
61 28 1.4503078375327372
160 73 130.1233853698996
69 175 148.95407220776195
140 11 404.9650676265288
59 50 342.5159541992179
84 40 237.60179468116053
71 87 23.491034684119597
68 32 545.2080283086913
33 115 39.161006951394505
5 131 72.75059722799669
49 54 127.42458811471664
199 162 207.1934240560569
9 3 320.59705181783244
12 14 293.1437507758366
143 11 21.492289190833596
28 46 139.7968059253233
54 13 416.11005916413023
198 158 236.41228533574866
174 27 781.163037760253
16 66 129.90095878257247
99 87 190.32610145061034
18 43 110.14050992512227
136 35 99.69595401564862
111 193 274.78259355774213
188 122 334.49157225748445
11 37 14.61659637601563
122 74 76.07793801514093
117 8 259.4806706189825
112 158 91.73908529996217
2 104 455.4474504027665
199 21 255.24899584970674
148 4 246.27726919368817
35 74 239.65645877896634
63 82 24.683361917863905
11 79 75.18111321153224
197 77 321.91304766972564
123 40 33.972900531632945
23 140 580.351364745851
111 39 128.50772922998536
160 161 24.680520364635004
56 55 161.87550743876199
197 60 786.0015018840587
169 173 1009.6063890337632
72 88 235.97042241630936
160 51 149.0544220315265
199 78 161.64315312817013
71 138 115.26991321411843
145 102 258.178846392604
127 137 205.24497198245086
143 29 55.933313228274514
85 139 469.34444284449717
134 136 99.27066635931287
192 155 544.9606787709637
197 161 34.21872804969373
164 160 153.03754698651474
19 187 89.67948700710772
99 59 40.822918368752035
52 137 64.09005838292894
164 60 440.5494926970796
174 114 285.03457467124343
2 183 164.49466176075012
45 130 269.2048089822181
21 66 273.89855290534416
195 160 125.64355435662529
17 166 621.9439237813108
193 44 298.14494465281115
155 60 110.35845189855824
186 43 292.1589167129883
53 42 88.09380461946225
196 180 139.50480426090323
158 87 19.182734538471568
107 88 284.1930534150796
47 78 157.66351019038478
162 114 460.49490384221315
119 188 590.2845426855416
65 174 161.7788029984069
42 48 26.70086982465149
180 102 45.95022767148825
195 20 174.0344997521159
18 9 97.33815424390727
140 196 129.3427926035696
132 187 218.12649256023775
93 177 136.83265101604195
1 171 156.79475172518931
151 49 231.90872133347776
2 175 110.43110475175042
128 55 200.00863268924158
43 115 146.1558188938793
31 8 368.4744304789018
21 29 523.1210846129204
101 169 20.1465730970572
108 11 157.87664761587368
59 168 20.51650307885374
185 38 76.212782724371
186 24 141.94426271806364
73 84 436.24920983057115
145 64 51.87475641284652
68 7 216.92403254997808
73 121 148.73598840301963
23 10 137.92047665331506
111 157 379.32263540988333
152 81 684.767774366064
142 66 416.8094508341524
71 145 108.60000069271649
154 156 45.47025761724776
69 178 2.285555240146005
48 172 82.44738267869835
95 158 91.04838003602875
107 175 100.37736091526072
134 151 17.162421644537936
191 39 392.32277931938506
3 101 218.39343291468282
18 105 250.22422437098132
66 166 8.545357891630216
114 24 133.243551807586
6 51 123.81854720445695
129 94 76.46808019011603
198 82 176.73426429773767
18 49 252.01757505788277
102 90 126.75784598481525
191 162 36.01536873081355
178 42 43.61938118994184
114 45 14.894409906980014
28 48 435.7574621175612
60 13 399.86014003657164
11 95 11.947262478896205
46 118 337.5912371296831
117 188 12.415003966047392
125 164 81.14128422485923
27 34 44.09760702727017
13 65 81.50109426812753
165 186 153.27462861398317
9 49 57.99210033011223
140 78 30.403267188746753
66 186 103.98218045103368
121 145 289.9599708617867
21 121 86.29316516375538
73 53 280.6220889156089
152 106 95.8534107397653
24 163 329.2585698231865
73 168 219.60725432620367
39 98 206.06302226040972
175 112 395.2734512236963
149 100 651.0264368247633
163 101 361.5357138878746
142 160 31.40759285795921
23 194 186.06360682226648
61 92 112.47030243578813
123 189 114.72617190106043
75 83 51.617922343172154
188 85 132.72288624447896
36 14 28.079521488253047
35 167 36.26628556645116
98 20 130.70263739220002
116 143 194.51966405431736
1 124 229.35672681679614
13 88 108.24867774522946
30 83 488.97449159294064
160 87 56.86696153593945
153 142 134.40522918046983
188 33 69.50130772533387
5 103 164.88071102966074
108 174 678.0615863132706
186 149 108.90142836121379
43 9 285.65347997567403
26 6 294.7149163179599
52 87 322.46141483983996
59 130 107.42203531163415
121 198 48.933999795301034
124 130 887.1004678815111
37 68 268.50147458456814
99 85 301.23873238159376
184 70 280.4578722527828
157 0 15.272571861988324
96 46 119.06357794947317
89 27 56.46979037392865
68 52 29.72731241847615
157 26 130.9983659644023
92 3 200.5897704200494
39 41 328.3259971312928
34 57 428.1816420445417
132 18 380.2967062128625
114 94 555.4420444971402
188 115 86.28454481574425
4 193 226.32505776374526
195 181 199.71324192266394
199 34 9.249114734805927
119 98 24.90615207933599
185 55 316.98338129089797
65 85 8.928995747497513
36 141 238.06962949808704
50 143 43.797713314482344
48 124 39.70987735929477
37 115 53.670353405982894
51 124 27.670200027702315
30 13 68.99465237916786
101 21 51.54421622612181
155 167 275.8700875670455
179 7 884.9438141270895
137 128 87.51738505452515
107 94 162.2725273988225
171 124 6.618702578638958
133 1 1047.6440126572068
92 148 181.765291474806
163 92 451.89784128513344
98 30 49.49002921185147
149 61 150.6527833658972
142 85 142.57561015828867
125 98 197.77090181828814
126 151 95.90438347341626
2 60 168.18076592779764
32 88 625.3927164098188
15 53 211.75952431048935
21 50 128.01823414182368
142 60 342.0893233105943
153 156 45.572564711785816
177 2 51.71502585690521
187 72 380.3801812929836
57 120 139.28551785284537
162 145 111.95124435971273
187 118 80.51726557583622
114 98 168.58813165693917
190 128 98.12217036697416
112 37 270.3820481373852
49 170 214.5924094724256
102 82 82.3624133429128
119 63 513.971217767932
164 139 326.01444222319657
57 41 12.310486345935324
148 197 38.72763398006219
68 39 107.68652391012905
177 142 2.4563270620714674
53 155 614.3847353845374
41 189 1329.151655048669
39 45 20.18711873484504
108 156 98.99957151936941
86 22 530.2162671592471
88 71 63.91558530551074
2 21 49.15930754275721
32 119 348.4635304546624
43 84 157.2669384393091
174 46 215.9997601678587
3 5 64.28577248192443
168 104 962.1561608761665
53 46 16.966408696364834
70 51 5.4977733600791705
186 65 327.3424671704457
27 147 93.35741732213941
29 122 163.43656754613315
92 131 128.12007842138
151 57 91.90312245088714
189 195 86.57989958631212
100 131 28.207426995177354
80 27 60.1771803587119
51 15 128.4298173481871
81 182 461.7453074681759
88 111 121.04870054262685
155 10 125.11190355873624
13 191 253.8888349236261
179 118 1069.047201125498
134 159 177.8733785889462
85 185 1.0287871512334261
137 20 105.82489149650908
123 4 153.59578794974536
69 81 347.03414265905195
145 146 794.3279238158955
58 61 127.29218329534606
95 13 147.5802060105344
85 189 356.06679990162127
137 3 183.2679626872426
165 43 340.6754915949942
166 183 28.08025199752326
90 184 47.206265694833874
105 79 41.79854384527547
53 65 100.43026062606077
106 145 50.26837657162558
129 162 127.88707646098021
142 37 495.0520373531938
102 95 60.747510522810124
79 175 362.88898993779384
62 73 154.40277856957096
32 20 250.32650116131933
149 160 143.09488771044207
86 159 121.4031263812128
195 112 259.52727722246766
86 185 555.43189954107
47 75 339.3101536030924
40 6 100.23030838502751
14 120 111.08653394336456
175 91 0.9848403336964927
183 31 126.89176060740732
53 192 130.66508680119136
127 105 65.17202512947658
145 148 69.48871080056954
156 11 3.447545764645383
182 102 206.02854710780028
96 13 434.21258386202624
16 148 99.1537521400925
164 187 16.23421702604608
68 51 171.03075996967704
110 95 350.15148610350815
181 57 16.99570290143039
166 93 270.7243284552229
134 84 653.4380518901229
37 30 652.1083386351289
161 106 140.19614584074444
128 44 247.67942492433684
160 156 328.31339544358116
193 81 253.3451800721388
134 111 169.53673260858213
38 158 8.728742848113553
101 179 148.51422384851224
59 148 370.1167320609523
111 96 285.60628985286166
156 196 89.65823643184035
137 164 65.45225549328893
62 98 166.6529207985479
43 182 17.729049756821478
3 30 182.98748530412098
90 171 205.3022837868844
49 118 283.7138979583251
60 67 104.97173893025591
190 127 3.9361896331701507
113 21 88.91178743958773
28 130 118.93530476192021
26 138 214.67637637561694
78 158 33.107841571613925
94 163 244.74944417660208
193 76 572.7746533725106
147 99 725.6287080505776
18 59 336.361694248738
141 191 37.689431661720505
129 13 191.63517549329734
83 196 46.68805160911615
8 96 153.21311933515773
31 17 452.3709155080012
27 48 278.54156640406563
152 189 453.2224875198291
133 85 751.3861560488476
149 94 255.7678640730864
185 63 556.5954748688971
184 50 265.2339459139296
5 172 1007.4229616717399
181 7 35.56382172935953
89 25 323.30912282134045
116 198 80.83321479702595
163 106 19.452369067476287
112 0 155.58394568704267
118 94 121.54042583908698
3 106 241.5253446070074
73 128 161.43858218999407
134 25 242.02421509724093
185 168 420.47541194403675
125 149 62.900268847759946
46 88 52.75934197149138
50 110 792.2100855253339
125 159 98.8514212766423
157 36 74.26082310805432
1 130 11.919965262845745
118 158 459.0204809500533
45 106 92.85332677222253
192 68 155.6810701377486
162 73 51.902972129627614
17 149 518.1272285619336
196 59 14.668367880742059
126 184 225.92191497530615
63 16 58.131147593417865
60 43 136.07737986104902
194 10 317.5030946374338
192 138 64.13736605367474
185 7 143.72442352044504
35 78 269.21462588264615
51 9 25.73287412796983
164 174 13.584408372482521
192 199 75.43450956075114
159 95 59.08679088809671
53 98 230.2029420031773
163 93 136.593711367358
71 136 194.01584864412152
149 134 60.03011502306192
58 9 188.58189354995562
183 131 16.292584981641333
72 120 398.0183214722029
32 91 123.14594058717418
165 91 176.15594560026054
158 51 42.309642281378736
165 172 179.97209842745247
142 89 105.95435081047088
188 152 134.12683665852296
170 11 13.130322312516412
42 171 337.6018238845545
165 138 134.47219583701334
188 183 269.7655212027852
92 37 144.95856722045968
115 94 423.82722599454814
129 130 474.2070042436281
110 7 220.8837295808329
16 100 51.28182174741319
5 111 385.7411955369651
122 174 67.58542996671754
197 160 148.86397516668228
159 195 106.93459653313514
150 23 67.18023858412036
45 192 381.8344115763567
133 56 193.68069608380424
9 130 751.9524375619269
57 129 304.52160402422214
198 56 153.3734715494748
174 62 35.215908855484365
64 46 72.23035598704935
42 6 269.50824977059193
4 116 31.127507058282085
165 2 300.44581070981246
153 106 36.60118392350666
20 0 39.58368286313517
52 26 2.4059412804545897
154 174 103.65737196635969
132 191 78.7378649398551
180 191 27.03467406417325
159 21 124.74944190721227
167 180 94.21670716452225
60 101 77.08215794923595
148 41 246.73842364360516
39 178 158.90208517895582
81 139 198.3502835229114
15 185 118.14699041459937
92 128 354.6476233056252
147 150 22.653549709581032
161 117 524.4027027192278
157 147 145.03520262285267
66 7 79.72245496460239
57 188 7.887993197594513
147 50 5.353265899461435
5 142 14.035299682032242
172 1 302.74797921344384
21 92 732.7283440907781
186 141 178.36369497705138
181 82 71.01012569196537
2 56 40.65937689472143
199 105 218.61854221115811
91 80 216.0509945943835
132 177 1092.868271206618
21 148 121.47426920771946
137 138 94.1390854968138
4 7 74.83738756145458
115 189 324.7886081112333
20 124 188.3680964862465
184 52 275.5740312093706
67 122 382.1516294195011
14 148 76.48355591377374
48 121 24.69140465471579
184 99 254.70177963417012
65 149 204.98778670316088
126 148 64.54691102736388
26 17 326.61254646279366
170 73 147.13438676228552
100 194 237.99073647355507
88 74 146.25847613415678
175 132 127.95647834567296
192 52 1.5880287784957772
64 57 13.998729302226229
23 177 3.1853720140977577
157 106 347.50283652588513
28 11 188.24329679437565
63 27 201.32409467117003
16 48 600.7935345344263
185 167 248.61441046038553
193 13 94.54460557630198
99 44 580.3626357817724
158 10 132.1920304885865
61 172 449.10634413866967
192 164 269.2632052566766
118 198 513.1270514416934
127 21 112.45990522050278
100 38 250.88814612120623
123 62 30.235609415807524
41 62 80.736088901661
155 23 226.66199268786335
179 158 467.1597572643737
113 164 48.883668943967976
66 45 127.81871949622628
27 177 30.481192766901273
25 114 939.5229646317138
6 139 83.02631086562886
154 179 182.35392070717086
72 175 65.5924918677815
140 155 138.01789926686766
89 175 121.34586243154968
199 90 150.1449191764245
15 162 161.73689852854906
102 183 65.88039097099774
67 135 30.449646994507894
31 89 45.151064760711066
68 15 20.4527325667672
74 57 247.35151513959983
6 155 62.35248807462847
125 86 656.4508707103676
113 153 157.03336306511125
151 37 79.91020899801947
53 165 355.833908180503
149 165 480.0806841469804
195 198 291.2511247594086
174 60 123.88351784374605
104 128 76.12841029247859
52 15 912.1692932094716
21 65 35.829649186711634
47 141 48.19923566686711
42 151 17.449502322014688
173 88 120.06786319001696
116 25 131.35316627321725
61 140 544.6562864924729
2 187 634.8899187780319
82 16 79.65613711587953
58 150 712.660383469908
44 134 218.23061690222795
27 132 124.47286080933047
150 178 157.51439914788565
194 14 208.1136851257523
71 85 51.041841624871196
37 73 386.2383867213401
85 157 3.7856897908055798
109 150 7.179622971444574
72 140 5.793159973396153
1 163 59.11398846029229
4 30 261.7435001989807
37 177 517.1935452890115
192 113 295.07015472559965
93 136 348.86699984067747
96 72 20.60427112834631
22 87 349.83628911028995
97 155 33.39125935576203
189 90 535.9349274487769
132 90 257.9946651989117
171 111 156.8340643287494
131 126 75.40501919091002
116 81 17.33505608506806
82 142 148.91494181734777
17 25 162.60965274904038
98 52 37.031719341428825
5 116 268.29135599334165
59 16 413.5365436617647
195 31 109.49579141987311
99 31 650.666967656259
164 104 277.524449991018
64 119 154.2806421387663
181 136 231.0412559556327
7 157 63.927894695453645
102 134 171.61461161848942
122 70 39.34524400416217
78 73 206.65840560942365
138 87 630.5586675911157
55 12 16.14978192864846
49 155 1.4627180178553862
55 116 368.6773075389078
111 36 91.00906661385312
6 117 1259.1725534437553
159 77 109.9511420391615
6 31 335.88548045762224
42 136 437.0542569653753
30 129 57.427994988917455
150 54 784.135717527859
29 0 58.76830005506005
85 108 535.311274201234
42 91 75.51250532786247
23 182 208.02902119842784
172 182 18.625543113665568
199 2 81.13547258246197
16 57 34.69755027746914
125 5 121.47496728620817
108 121 183.27849392304313
36 17 383.3825018298875
81 87 150.37142890903203
126 150 31.507010535406128
22 194 500.5224758218037
187 55 87.47897025221849
93 129 308.92568048412056
104 97 94.37659888469766
75 23 143.09902172161512
178 174 221.99998722007768
98 5 66.56072622258354
197 150 70.66696844347467
171 125 413.0638904133339
8 127 377.205413458182
51 45 1245.3288118277735
145 3 20.302816304312305
181 97 39.50917175802064
167 47 495.66736467568234
52 44 2.482051624480036
5 163 68.40235107879205
146 6 22.1265467591162
33 124 146.58542103069053
147 117 446.741162890237
0 115 33.16242874457546
19 8 357.0784491292728
34 145 198.62835103260238
196 149 62.63783121918929
166 118 41.26541302515088
123 167 48.56456020310531
43 109 141.51697281379307
167 181 0.8237659764512955
43 98 35.707745326321714
155 42 269.49015435533863
183 192 70.07261597784014
128 181 1058.0518804891635
177 198 541.4586643607547
171 136 36.720226856723755
33 177 104.12205224597291
83 54 516.8528648915329
170 62 25.84953598387053
97 8 243.69338403850963
87 33 7.762783726598512
34 139 190.7727617837388
54 11 70.15514826580484
43 10 96.86596822599785
139 36 28.447098593505526
42 184 148.35020453199851
127 113 3.028292544149051
24 128 724.7083166206021
107 68 61.42405413582795
38 42 20.129226699200817
153 95 3.72099550974515
16 136 110.36342323064589
65 158 5.076210967943002
40 128 26.01274780858105
5 185 105.38555033655534
93 85 697.0976605465298
56 60 138.38730825173656
151 104 114.35295595012501
119 130 109.7780783469094
121 133 742.9443024814037
128 151 8.757487244925645
169 8 153.7362317629193
63 148 498.33748789839217
46 108 141.52132055768146
107 79 616.7623338319873
122 92 326.76717347556837
108 84 48.38937748197572
78 190 193.60348638671877
107 104 225.65966520098863
123 89 119.2617491746675
195 21 63.830228408794575
153 166 110.64929833847677
20 22 60.578191406090276
19 176 433.9436435483698
123 32 104.07053167319886
43 108 30.283735174654336
29 115 92.65529390743481
79 189 388.8307233794785
150 185 252.55975971439372
180 181 24.2154829184127
140 168 425.56022845680366
58 151 155.0095499523072
85 196 32.37643546035257
101 125 71.11041958160311
187 112 281.40959639383857
29 88 190.53934235150734
58 55 262.53366094916146
178 156 105.75228515223974
90 30 65.67185958726085
26 113 433.4097923442026
10 36 104.73286665193902
66 121 130.77917731712503
65 151 96.83482255529526
3 112 466.4411924195532
175 56 73.57059687707638
41 47 185.1705486224221
28 101 195.56422603572406
81 159 290.74058478717575
76 43 66.5191272116516
62 147 66.78960900660655
83 170 104.40823260685144
133 147 142.05448987684025
49 57 100.53640060394271
3 162 131.50567749592406
34 119 158.53473373095255
64 112 892.4180047359494
172 15 48.084990066522316
22 89 203.7831562622844
109 77 235.70729296959036
0 62 228.85832935422354
9 39 190.8582663578616
134 120 5.091104540134446
156 77 179.62518145051123
9 86 435.1763489509726
79 140 29.906742864119995
149 15 379.3881823462218
15 191 64.93952778414929
15 21 183.6622113246471
21 87 678.4442000240138
86 97 215.92585532704192
15 106 106.90292099624894
73 144 139.45621194586982
91 2 419.92363998300084
66 129 393.7122320494827
68 127 6.742046559029255
74 149 116.02144855848458
133 157 807.4337756349858
17 157 396.2776075192383
72 25 25.546269881930794
29 180 276.9484650868343
187 53 23.059614334203808
193 33 150.8598055160212
196 128 370.9124680617944
83 166 26.00111012934659
8 25 281.2300791446243
59 123 973.1135687181137
57 46 95.94710163697735
142 46 81.75035910706355
23 144 106.03166268759192
32 94 724.131192514736
47 60 178.9405318711708
122 91 383.5143585525379
118 120 80.6826548030805
190 82 439.13216177087537
185 174 197.39883635135348
146 99 94.44672428282827
88 62 325.59212010050646
28 177 109.82411480054857
11 101 28.54325530790845
184 173 11.005167730307882
26 15 107.12396234785353
16 189 18.671937180804022
199 142 54.541944563458934
77 114 107.53357647943061
176 126 208.20477562606388
111 73 41.638691780020146
191 50 157.69519279980966
36 55 222.18938027144287
27 97 239.84606689608182
168 15 141.63252713241044
105 181 2.2291522114950406
121 47 208.11979579024893
185 106 14.858801079927296
120 163 12.839939295756228
63 97 2.1439497488293013
84 14 240.8911361128351
59 71 335.0256977746528
120 95 18.29367364075625
174 32 21.462770377983848
10 62 222.02519864099378
19 38 923.7904395692394
44 24 53.78262355978125
127 56 61.79727793011376
58 107 277.78584442314013
104 191 118.75376234564756
163 0 1.715160485980785
60 112 211.38850203996503
71 13 157.7997497371974
130 46 216.23111627515618
89 73 95.31633572121716
91 60 117.2895025099812
76 7 753.3221794594831
83 116 441.6129102924041
82 78 153.58644629429892
170 81 212.2166217980309
62 179 1144.7624604912414
98 197 137.3059565933815
12 148 230.31234310427874
116 28 232.68839334379595
39 137 33.61006607530945
19 82 109.73503667542217
75 146 236.36780377562886
135 100 53.39737013659482
168 1 99.5504867758291
97 42 50.661245551761425
88 64 46.0715350646738
164 168 78.73423149529451
6 105 0.8402551918978447
24 10 81.24436252757492
168 175 55.69208422756917
22 114 237.41814384994012
169 111 112.13069345616388
24 142 202.08251356903975
34 190 36.916556714260274
161 110 58.65480458518426
132 161 49.939649700558434
158 199 102.32010946886325
162 63 123.85043158992511
29 157 168.6612540818637
96 17 216.5907786136436
129 186 3.5553908913581687
96 38 154.39959579562193
138 5 189.1820242722344
46 115 79.72780507554052
87 25 16.701166183716264
148 138 108.96949776431264
163 177 224.06616005790644
68 1 4.064614767639934
56 166 70.9285951208859
18 34 844.8047146492964
57 28 145.34968746993627
191 2 120.95741190512828
57 75 351.1920983327273
174 140 248.34398752784517
96 159 145.6958916419576
30 194 489.98512743101816
191 194 22.168200122489065
78 86 159.39912253135452
93 167 555.3940929805782
14 145 12.834054846925547
134 171 36.128964486867645
169 158 92.75654884138463
106 190 177.13020764993394
187 54 149.21441121930775
115 3 61.9726523836899
34 4 29.788598044031023
16 18 206.92192112227988
18 57 409.0006508453088
65 64 210.17791179274724
144 172 20.697098494682244
169 28 266.42556018885233
111 93 281.1864497605692
155 134 300.86939225050884
10 91 235.04237838253624
188 92 94.5469345215334
89 164 50.84702049967107
140 103 268.97334757833346
16 159 189.1929109867346
99 21 235.1476245528178
162 21 94.89014427709243
7 19 51.934384714769934
30 134 159.80769623331395
16 152 127.99531656317791
133 155 356.2925666511671
103 21 258.6125991067348
95 53 160.96504914130375
171 20 131.53203386805532
29 117 188.04162022255468
180 35 241.76214142590595
88 94 1163.5584110936898
20 49 363.78351954161036
59 13 594.5799563005598
83 163 64.69480548634043
26 95 127.63404053634278
78 70 29.32721364385794
82 62 117.74221308645345
138 36 176.70895201365963
58 81 153.41333334024108
170 175 273.6664341467036
18 8 42.02784521401291
117 180 120.41447622240162
111 109 382.69276490806783
98 15 536.35387571716
194 77 676.8562297525325
143 68 116.26950446498807
43 160 101.92273867217719
81 157 54.505683072380165
187 141 68.90130350444028
30 19 297.49369656726464
59 15 166.03464179814185
162 93 562.5931614055019
23 27 245.11852314930186
152 87 45.28498512156612
122 159 17.09501184941026
183 54 1009.9159112282185
160 157 161.76870032511394
150 131 210.21412009078318
196 25 202.85943225446385
134 108 332.04545184072174
2 176 587.6441333058212
64 9 518.9206520815646
144 162 148.71252203935052
173 150 66.88702174715807
10 26 868.0352961178708
90 53 275.9779309737914
47 65 57.86475801238959
153 176 260.7716821682769
138 55 192.751954486255
9 174 86.9098713733114
77 195 347.36343881998886
173 115 0.3602018712517039
173 94 122.59482812304157
196 27 90.95933360305143
150 190 210.05126766361556
166 189 55.322108599326405
160 168 0.39780661055492494
105 30 238.88440427193808
86 142 32.39986447234549
193 11 91.59233823219877
19 67 174.92286828766638
1 16 88.72741175964603
197 69 230.0229855593492
4 104 109.3362006118179
71 187 152.15464173133023
101 156 160.61977749237343
49 171 22.470515040697517
12 186 34.79778005190655
113 42 500.5289462251459
26 122 259.33252677463474
109 13 304.14139154726956
78 123 85.32928441939974
74 159 345.74157093244787
162 127 118.29955316399278
100 156 278.6241397247925
14 169 307.82988672535686
75 103 227.14900061150334
182 57 94.40623842711804
72 111 278.85953292406833
5 143 18.61320773536662
66 65 483.4854878974445
65 120 104.78632754738466
73 50 31.037894933450044
185 12 123.67990989869999
146 196 108.70277412868221
44 182 758.4563964246837
44 60 66.68916418486658
150 121 10.846516658089604
46 30 283.5409546450203
118 123 49.57765325260638
153 38 107.06574938944853
26 3 228.5454043551408
146 56 81.65745768360527
63 189 597.5453307865482
17 50 56.84789717261582
49 184 123.55149104328508
91 51 744.1071805049273
116 156 233.89483280060696
16 74 11.222807695005967
112 135 234.57820222960817
89 168 202.15357147652188
12 46 79.0796112168675
47 35 134.87036002742036
126 123 71.45795639184176
94 140 111.98717590970293
148 150 131.95917961033254
105 37 14.519529560474414
164 132 197.6314251823307
64 116 128.3926922120263
102 184 282.3875287682452
30 38 49.22211436042437
159 3 9.228151532644521
178 1 294.91815710051156
64 99 343.28856951728926
166 46 45.40108559498173
77 84 16.605049507448033
29 175 605.0488270041207
134 59 47.65878072235539
11 174 132.3739969134769
152 115 22.801594411995936
85 100 193.86148124638453
27 157 180.40218987722335
29 129 60.37317084869078
140 123 560.0437743536027
31.9249497867169 5.928695146447033 5.290857554321732 2.641579523954276 29.451488165132385 7.505775622103775 6.074800185281272 14.163604767704204 3.436548857340227 7.820513644291594 5.525447513535581 9.602853614509362 9.67486127705058 1.7321838665778866 14.826247727826559 3.494028809477079 25.315529900337577 3.7991712796126564 16.470463787375763 2.0978135912129985 4.570794922428108 25.361061210305863 25.436997885491675 7.993271887110842 15.486365448623475 14.024960915605988 0.029531942444127598 1.6706731050977552 21.197524570354766 3.394132220531686 8.98308418227473 3.7255614719896646 1.9332088044941276 16.33547310927578 7.937071399811831 11.013991346126426 36.089186318257624 40.506760501129634 39.763267928743716 11.74822234999116 0.21888548179018738 38.84745860735161 1.1910541546545417 15.599238354304168 10.73129840945504 0.18554611697368886 4.5822540986270655 10.242965559627992 4.034796073413777 7.490298757690899 9.752449040741949 7.681932748907862 0.7629825368939548 0.4205132964807782 20.32780483947112 4.706823598098067 4.804061166446464 3.8850445368169817 17.317765560757053 4.414491271744206 3.6255454407133385 6.5982968929864425 0.9023946001647314 5.473540973456707 1.1175955494706251 4.273774935034323 4.7215281471130135 1.2304523134012773 22.04291744332317 15.534570315109262 1.3658753666182 13.233486330649672 19.625923544870332 5.432767039961757 4.6043247462111605 4.977637320550211 8.25483358078598 12.917607003455752 2.7535669056410788 0.8005936566659767 6.10074865673885 7.399501527796879 16.921867704128587 11.435941212641856 7.0333045928915725 7.800583157653848 0.323745278028445 9.819169946759853 1.7568754029410882 25.083283554791713 7.4763710354077055 17.025582861823207 1.9958088088922095 6.579523296188158 0.04875733221100058 6.500950736131919 0.46601408512751913 21.599454762063726 5.7236485077792505 11.846777412390473 7.210894525988562 25.539060701040178 22.825294068283974 7.72072171651387 21.793879038413664 13.689917038514901 2.950021356232846 1.0717224808978154 37.26166894385009 1.4570500796425416 0.5207266516454274 31.434097812363593 7.256398834658475 8.406701670964004 0.526511389564628 3.0799945769524677 20.254531019293765 6.045926488543543 15.174750725892093 0.9673947982731341 3.41510589221093 10.92823376579625 1.0747093661155491 5.0668615230329745 18.15482649251306 4.0197592728682725 6.945289846949523 11.307857595849534 1.0658281978634006 15.287942747820457 1.559602727437443 4.275133700010928 5.534478283121174 8.59156031898998 0.5817736035178808 10.576792262217731 1.0944207328616105 10.037098761895713 19.83610821762075 1.8226740229373586 2.0993752362941795 14.42825454874914 7.270897789570892 19.661295209597384 0.5526961350011101 1.3177916621353276 2.5093724503092774 1.7807524082995463 11.795456258447585 8.703081295364184 4.999331580377769 7.846173741323913 30.62063413909003 5.9731000175821825 0.10449117887402841 15.102089744292586 5.091039548509883 10.051060479776668 0.26580546773702524 4.533710910068354 5.132742363670272 26.125298950808986 11.544669847998797 4.349036537147765 3.209555217387207 32.13512924697843 9.367180401714295 4.624693463550924 17.628189477052814 2.125520012897941 4.839644984816573 9.071770123139316 10.00233410277425 3.138862435504581 0.8882553734394311 1.336071102040914 7.448317068489844 1.8804801780919544 12.351633858456577 4.532857309335434 7.23798021993386 11.233072456246202 23.982621308862342 29.087890372163223 1.5163027495895363 29.98083760453449 10.056660319271169 0.33771449114569185 10.824096647894132 5.372469944875091 4.718972163576295 28.65109640337243 0.6465720873662283 5.444112024479391 10.21028323441416 8.389752610158968 18.47183432482134 18.728628910323856 0.2777777646760974 3.892650718224415
7
20
2 4 100.1391086243584
4 1 113.25868978400422
5 4 128.76273591992026
0 2 264.2774270338464
3 0 9.228946169016421
4 3 372.7519415035668
0 5 351.5835180741152
4 6 32.29823372680624
1 3 45.61233551762267
1 2 319.2333744796723
0 6 596.7563077707331
6 5 7.965041219621096
0 4 458.68483849197725
3 5 278.644510915354
3 2 84.50723196963844
6 3 173.86603808698345
6 1 18.500459136534715
2 6 7.539374956318529
1 5 36.80393292768766
1 0 63.29872811481005
200 600 100 800 800 300 600
