200
3498
148 173 27.584360760693276
82 29 644.6882859147213
81 196 35.406752708550584
160 162 124.69389958439446
84 118 158.74027668993838
140 159 352.3240293206886
53 149 422.0620413681229
81 173 47.32283396425706
172 138 134.34086739651022
193 148 24.743399432771614
24 70 151.3015454107014
10 7 46.511695459080585
191 70 656.1649440120909
149 103 18.679583021704257
136 164 384.6725854400158
196 122 14.877378314926892
142 121 76.73291252791171
197 44 115.49890062706967
90 115 42.05197014262866
147 63 261.6250035189787
75 199 331.0084113388616
29 5 480.29026886692384
44 137 137.51497654576903
121 85 272.3432307668604
197 126 142.6428101418073
95 68 117.39888362205915
37 5 16.142780946153895
103 39 35.07530551101689
135 194 23.687272983944496
59 197 240.81323638197568
188 129 409.61820144703785
125 47 32.94975563236475
189 167 136.37162261037238
5 60 284.545611922447
138 2 99.21815589336961
114 158 78.37286225845189
84 144 265.8158854990071
70 137 382.1221884689877
116 70 81.51172921202209
194 179 262.9548202195633
3 117 40.45204010535018
181 161 652.5664835125884
132 136 222.5988981525719
92 79 66.11416340926284
191 147 142.88790381143374
46 191 50.43691230334388
156 106 161.78812166793475
8 40 118.77496267158779
41 105 48.89012801490752
187 25 31.147637436311488
12 120 256.57306617393914
27 80 527.591942153917
140 192 439.9990009138299
31 180 320.7447136961649
121 46 35.008629129868986
56 191 35.788931778505514
40 62 210.69705494102965
99 22 69.11662128204638
178 69 227.61859483467845
171 54 110.69782962818637
22 35 199.32893908543517
167 175 0.9760665232076428
172 86 269.4985000056173
144 66 145.22228983536428
66 72 637.7280119203722
84 15 80.44728440220126
176 137 68.16835302863254
16 84 1056.6238996261595
13 50 299.5754531135966
119 81 433.90670143214675
141 53 189.7877906432123
53 198 47.1793684861658
185 34 733.8570977224896
158 191 114.447897505362
58 49 50.62643206711102
117 17 95.78172172341122
154 95 484.3611489897209
15 188 28.004618795566707
106 74 171.2356363106868
108 165 99.85459399049942
121 193 36.27387346552331
152 48 598.2459785173489
70 133 1048.7833295957867
66 117 885.1267296128979
96 54 128.21991247364937
68 140 217.81863175580054
22 193 163.13367987695153
93 30 145.56397149808214
111 138 87.48673763815792
187 107 3.118613284497148
9 131 299.3865980204735
176 117 141.61619876401653
123 8 187.538903349456
87 187 63.567973719810055
110 151 433.459548228411
199 149 380.4228344343669
186 134 292.49342085990276
199 153 284.27854451365266
57 104 47.62159232145603
69 47 156.718095217712
5 1 352.52703306849503
166 87 138.6204382268709
100 157 175.9138628867879
132 27 159.7411860864806
155 79 11.686678574317657
107 78 197.72337457742464
139 192 3.811070355567618
48 63 155.68798222545786
106 34 128.44721493866749
46 12 293.165023391979
120 149 520.4328118003526
156 185 594.1028289517261
45 57 204.83380214103803
70 21 53.79916978197059
97 57 617.3059827344019
122 147 8.898063871494193
2 171 267.9500612229807
131 116 124.49216372354779
51 83 30.52356870000453
108 27 130.0045004036413
175 80 153.06843631174763
119 186 320.95271145938545
39 75 124.11137955188143
80 9 13.452217221341678
115 84 280.0762468526434
177 50 115.43169275394413
17 51 3.848894482676008
66 163 94.47046664663792
103 81 143.63296932199697
114 131 5.15325408750084
58 188 13.861047771739123
184 152 24.224690237008428
143 19 1121.949815121816
115 149 40.96701175836113
143 66 321.4344715217163
193 86 21.019962740921574
122 59 57.52051822190879
15 4 9.417108384012293
168 189 79.46650529930267
161 145 33.464986764002
69 14 2.519954046953958
131 95 191.85440442026353
149 1 173.8647135560675
144 149 18.84160215874716
67 141 347.6324449925369
110 37 268.62221434738217
163 62 519.1877895110238
186 160 153.134848466433
46 47 49.42142344105005
165 69 45.69319147333204
3 43 35.65693841845803
70 43 75.73913894374154
190 153 236.040249552382
99 40 156.97946940176152
137 36 42.31711129420178
19 100 228.67974616618278
35 50 66.83873621171415
60 108 534.6040258564809
116 32 6.429427737786271
87 26 269.8943825623174
161 162 7.828095988041939
161 143 189.82591758941973
75 79 32.02126691567646
96 106 14.888989139553452
185 160 83.64720658148663
11 180 68.68619025908876
191 146 485.3070952152617
151 6 203.2464587703838
77 101 21.802225391343118
24 3 457.0927109039167
164 191 432.60777847778576
30 50 318.0921602672419
146 46 8.615387739644607
48 171 71.41664388136958
111 14 20.14710767714892
118 14 101.51318955157778
199 21 450.40018195315145
51 37 147.37217854502143
110 130 341.49409386987395
35 92 257.3919866801602
0 193 42.990352221864484
107 31 57.766260294364045
84 10 129.86231576946176
15 87 58.03158426012342
39 181 98.8012913783714
54 192 148.26904978395606
28 16 37.48237007381324
17 42 14.431831569360753
89 62 138.11795970349152
125 143 221.22905054479355
122 109 858.7692535583733
4 183 13.356621086904823
195 32 24.941995838934698
175 108 371.89721740745125
92 152 256.63302507509695
147 72 444.22098819055424
140 125 205.3073109694757
5 79 249.35580010198555
176 160 399.54763498493764
176 62 23.213616331341914
45 198 275.4378416713553
27 107 26.880521928298094
197 18 217.32408008516865
167 29 328.7592482385197
64 183 258.25946188535573
184 108 700.2351180057267
99 56 755.3792311503706
146 44 132.28976751970933
32 17 14.317009569827711
131 129 234.79257568368533
138 62 19.656559082190146
130 7 642.466835433685
118 68 337.59668816167476
175 101 99.04173300907013
76 159 20.716722310827393
84 74 171.3570950309984
121 28 129.56324428123784
153 183 314.034342030365
45 150 146.42016562357426
143 109 5.683705466452751
119 52 20.526227019021885
79 127 338.3473354770565
171 160 395.65152962424867
62 128 270.78305834465664
69 92 390.46959088146343
78 112 774.352518869389
83 196 92.61380347214417
107 172 323.12590210559875
95 134 455.3173111494915
166 57 80.90911209058001
133 23 341.8505295964722
49 62 23.348326442790505
0 14 138.0002862500353
112 147 40.776608070878865
59 148 100.68644292170963
106 78 192.51699498878557
158 50 167.45709400504714
18 186 110.91760062269051
35 104 320.74005663294747
134 55 34.967108843710584
5 56 98.94218511849957
162 146 408.5872394229742
38 129 127.1466981599898
167 126 238.5621961520263
88 81 1190.8077197983935
9 93 208.08732901344445
155 197 140.48477807562568
1 38 138.17108920010224
172 119 14.812343430071795
179 98 83.22327387585425
122 20 34.24224836896339
132 192 30.8284557469187
116 185 58.50613065494211
151 35 65.03589280687456
196 76 9.147494406008743
147 177 844.5270480990605
78 75 413.1510776225569
111 91 12.120670825613825
181 192 14.151976580470649
48 44 37.97551948937047
91 41 179.65299963519473
155 2 46.36859453121519
147 10 361.52817612413054
170 83 26.04989172990414
18 129 46.482666363851465
61 8 172.30697156967761
191 161 386.7210738630267
143 43 359.41272612746087
15 27 398.8917846196721
43 35 1019.2439810611024
173 112 14.877355264017558
97 118 90.9857451300973
125 184 62.58918106418779
89 64 108.17409769273252
84 177 99.54405777062716
77 104 60.19881764911148
34 25 9.691642028377503
64 25 369.24850146307256
157 86 237.9911207924327
3 192 294.0592207854819
157 13 67.22855642559922
151 147 0.896831194534349
48 24 124.35373065083566
37 38 55.69335152118777
184 163 113.93635696317529
144 97 626.4903054031076
161 156 170.73752178187942
183 92 26.979773614350496
185 81 43.06813204848133
123 176 138.733470045959
81 138 5.600825414845258
70 44 218.38592530744125
49 104 243.25410397546977
130 102 140.03941062848506
136 21 72.85837781378149
10 51 138.43756802132333
83 139 91.10225622138589
97 129 29.58104643602095
52 23 415.9333951129112
122 194 12.375922511420685
159 81 455.11662382383855
147 16 33.03296968228862
27 76 126.46634202157637
32 142 83.98469818923829
45 195 228.87486269291168
120 163 24.14096834725658
152 75 40.09412755480304
127 169 24.03032111850794
190 46 205.40250984671053
17 97 341.6705284780209
0 26 323.5974368903864
193 199 352.9768801464305
59 193 171.41101264834427
175 161 14.316092246168639
66 152 67.6474551152707
79 152 15.658833480241888
5 140 116.28209765882612
49 137 55.06302962828003
173 171 52.28819312128133
67 126 209.0814352842305
13 99 192.95000541686747
111 109 87.722632533295
143 78 133.11684366357704
177 146 706.3527321843756
108 118 111.68938776792116
161 100 173.45350274646475
174 22 16.974385643647118
159 151 585.7622978635014
8 79 269.47450862249894
188 147 345.8648530241444
175 72 321.72959922503065
103 192 317.44333261171136
23 44 262.9424970444568
18 116 145.6271618229955
169 109 161.97644741198337
94 159 104.82097034066753
67 166 297.58720182742076
141 162 377.0215487905914
144 159 212.89332613926285
125 93 320.9550642893994
0 8 55.432544594956155
5 133 80.14512792920819
76 128 83.02949893982552
12 160 72.98641669623413
78 61 156.1771646017597
12 98 404.9919787104482
198 164 151.32434918698564
19 41 61.391350082883775
122 51 1.308244144803071
139 35 34.80303430210739
41 88 169.39545766824637
190 146 7.678906405423278
58 151 98.34659312575279
32 125 170.03454384034686
195 2 384.8497255243275
166 44 108.26777341650453
32 30 174.95772978523607
103 11 110.13173346964447
71 195 202.22420304769787
142 50 194.7894391099752
188 150 409.8829091697962
64 96 512.9831309271032
74 96 4.911338445276279
162 182 76.99251675849862
68 145 110.40092512050055
16 135 484.604257655175
3 47 15.277743254703468
42 114 95.5861677844911
160 196 8.522962228911348
103 5 455.41270120914464
121 61 43.151076964509066
134 145 78.66776980730208
62 84 21.867297187482052
176 185 378.320239216568
9 178 173.39703199881765
199 77 291.63723685842393
8 110 142.44129494793833
46 192 198.50717806976888
74 176 41.203322184158296
16 176 129.48757006502746
108 21 610.8705581479331
98 181 665.4783234661237
97 27 408.10084858843226
147 1 19.62335221723564
42 146 52.468347141698935
140 87 85.49160759230341
61 76 224.9411477524903
60 162 480.9599207725973
30 124 110.91076758045759
198 156 82.65614521797633
136 58 460.5909979378718
172 46 175.72930578500467
161 33 250.54223661642925
197 158 65.22687282256953
189 107 144.04898125766414
146 101 28.525058338016017
170 91 58.766976115866356
126 144 176.59015998129053
144 22 242.44351777897455
142 92 4.982523257505999
69 147 17.471498714700996
105 140 107.51516953863924
91 48 352.27555012835825
58 8 295.40474084011737
133 84 49.087391456786726
197 4 203.35856429809337
72 182 368.566031359302
156 41 564.610850484447
176 118 42.00237448463293
20 123 354.65421166625737
158 157 63.67753796507741
0 152 27.21299774762102
192 83 16.835911547764162
48 150 36.92444144590071
128 192 55.00239812612256
184 199 12.157722703544204
194 57 236.53985566262094
65 17 325.5199899419116
161 88 496.08909718137363
6 70 148.11322428393427
123 193 295.6970341149543
126 109 35.95089482368948
141 23 115.98619569376496
41 99 115.82557305546122
178 11 6.751011681740576
6 54 255.5033638260773
15 174 192.29133769488834
118 169 154.66719127241376
130 64 189.44941350335057
180 162 142.60109930359602
169 69 226.63480965069493
96 9 196.90110860419514
160 60 355.5100349739405
71 126 635.6256385446222
168 65 552.4091306063445
156 112 669.1627394293532
133 118 38.242089012245884
83 89 90.83400179661726
67 143 106.84005414622241
134 49 82.44510474189404
156 94 54.84388858655072
15 1 104.40966282220212
67 55 53.35436352383118
42 92 204.82160905144627
56 57 585.3991179731688
42 83 152.3499486220705
139 152 29.798039965223687
94 70 153.15505290922152
181 157 136.16393001480444
95 8 160.31215077435633
120 71 67.9751926040459
144 30 225.25247559820602
176 53 361.5860887627728
59 88 539.588416378719
74 12 581.7474457786269
38 57 62.740039491216336
160 164 242.35632927789942
149 170 97.77963144670484
165 60 152.10494309658577
132 29 53.8610111853294
145 163 147.0539883641135
90 187 7.867850234055054
193 67 6.375347407203029
71 87 14.442991527641096
112 140 575.1482888969615
146 98 25.079436357563402
155 195 222.43051650770792
157 175 166.92770314036215
163 127 11.654915399823498
30 25 110.1602192371119
109 181 92.80794997119298
8 11 706.1576944273545
112 136 280.37763834820794
179 126 665.610194300984
9 64 121.35781004046109
68 18 270.93805199579884
105 21 47.67925448727273
13 36 18.82101430204928
74 152 262.99707182417166
38 127 12.039832761275797
152 51 393.82210117931305
96 2 27.943912005006656
43 180 34.308147818170525
33 119 108.16057010729854
80 98 276.79828743543214
137 193 57.29383817084265
134 14 282.7981928637323
155 167 99.7078787923985
4 48 635.7756899060917
99 47 414.73083368473016
63 193 38.939995342977994
83 87 86.12454026369302
24 74 16.796294108958236
167 152 14.968146334224292
42 0 31.9275916263841
55 182 90.47024038018252
175 107 6.482389600174933
176 108 26.266801105978743
156 40 414.3980141492575
167 11 275.4592820524923
122 28 19.447880453530917
24 196 484.0823624950485
112 65 103.29242146824666
105 107 236.8326640963692
84 82 96.97213194614694
133 74 280.971068004927
97 20 114.66442945895268
194 26 73.61108392569514
124 109 251.4695571470427
84 112 7.267484646435532
83 129 34.61690242559703
90 163 59.84890263797167
103 100 409.9510004462469
111 34 100.81917002803844
132 170 150.73480305886812
143 117 70.58659292632639
172 50 103.46266011997851
159 154 90.12227975365467
89 112 305.0251306352086
110 7 199.0313433564684
80 152 360.9174785178476
71 40 101.81246105496417
196 60 43.70380893930961
119 36 0.9651949789369658
142 63 89.77547913714513
94 25 270.14542746425303
78 158 123.90899547253056
132 173 156.08826801709898
4 98 352.40407503702073
25 152 47.29812891950874
20 158 91.5097855152508
7 6 16.531707234849243
71 163 74.82745625865965
63 167 79.60876237124884
8 78 13.436584158001311
86 67 1071.3667883839432
186 81 323.86023407329645
70 62 184.8087308786147
46 120 238.2312927209547
138 87 391.95922733203236
72 83 191.97598929064858
110 0 256.178723809221
157 155 165.26835871560652
179 153 148.15479326045272
91 26 30.60258319912153
1 139 322.72447656845924
59 22 164.52715631130647
178 64 69.67443418980547
152 192 168.12960796067426
118 145 34.72296186762803
52 7 312.21647611277
107 45 179.62487878022992
29 62 420.0010217024608
180 52 238.5560343668683
125 124 34.93925700445146
176 24 34.26746829389165
111 166 300.6396241367603
34 80 23.9749691323004
19 6 209.66722330635997
56 43 197.80254022876338
156 57 12.713578966131815
187 135 134.91811617102613
49 8 413.4143422404178
0 30 62.92267707651595
39 149 230.12673026334798
153 177 330.02446206386395
35 133 54.65479696605494
174 2 276.2250136789974
182 14 147.5704758305061
185 197 117.6003811502401
147 166 182.34178552402065
58 111 87.76312278125128
69 175 79.51765109221503
102 158 1041.1104749892522
81 19 135.1470487301248
36 121 392.6784620142739
18 2 521.2151037650381
69 6 275.16012302442294
197 121 302.29040445179044
153 117 652.2788828301524
135 33 260.65638097922476
196 79 292.20459280580206
60 116 186.08986827244632
41 169 220.42539827830217
195 181 13.773664710866122
175 156 370.9346689927666
174 49 1.0058997789203195
194 191 64.85653471302449
103 69 146.13888379089929
172 54 95.51819874009249
157 177 854.9358538591055
182 192 42.40157333478318
125 50 81.01873490351859
27 115 343.1759807760288
160 32 728.4892533422179
133 199 20.75458419092211
6 11 244.71734403119214
171 115 82.31398286523725
26 128 270.8482812359974
76 66 216.42705976039687
39 72 21.981796965842516
51 16 275.4835612742002
58 66 282.4316173131707
34 71 914.1401694693681
97 156 419.18871432457996
179 106 291.5493026411554
119 164 384.00445937947114
170 14 292.73014522714175
95 133 120.45440727156118
0 124 69.94310325574973
137 173 274.03575037480664
15 21 91.18750557322593
167 110 13.979024227985946
38 52 480.92252263144763
21 55 99.41329863994794
101 134 150.4640949438426
61 164 33.955433293895496
138 78 153.1597532379186
162 165 339.59283634311674
132 51 71.63732500310354
100 166 49.67039604366755
156 135 70.15262882722995
193 84 178.1548096550216
32 55 201.62013264906085
33 134 57.093157745647304
107 196 497.20122264063014
78 183 287.1865637254126
60 27 282.5759922952513
140 34 147.68999957034268
4 17 205.35389203678136
49 14 287.86590657055825
112 96 271.8598217856808
128 178 540.8815707952042
89 113 80.6825737731624
118 72 63.91346343093036
12 161 30.47110913217893
43 33 45.21512406869335
131 99 202.61552740707916
14 52 368.5083017913968
49 160 246.31310497231155
119 134 34.03425656171049
186 167 58.1222765961967
72 36 1127.4644834625265
161 65 457.3387086241561
46 98 266.8883036601404
164 170 322.8053190866834
57 77 276.6094693256699
22 160 42.481418358460445
32 162 304.9926576280361
192 8 202.44664159803798
145 185 25.656880186578384
59 97 150.24196990234964
175 133 137.3471953717401
69 119 82.97644447469585
17 134 130.69877842955512
161 41 89.01726226839457
71 2 61.49147554845299
57 42 15.455598879209518
83 114 186.97082874111985
37 99 103.64706011771388
131 52 28.387812681390876
192 157 261.65424179125176
43 134 81.70096689296474
65 158 519.2606580389399
68 76 224.063151278553
72 73 176.759937847459
35 55 403.7129291622808
42 182 207.88304853223312
18 120 181.13023618279226
190 117 400.4044997607006
13 0 203.46227315653272
152 180 16.748356400075636
10 192 19.02622767576866
145 120 424.7766424891302
179 164 433.1068497722138
123 159 508.89064720583895
98 84 205.56255548193937
53 55 90.72006333209339
183 16 48.38968579094375
126 131 102.68004355596776
164 59 295.2791449671861
17 143 139.11866997376583
192 112 109.08800079888015
105 99 4.807523218600058
189 116 5.289396983376026
26 146 22.948656761310783
143 156 777.722635105462
57 135 39.3029074286685
178 124 165.2324981464634
154 162 38.52271444520932
167 62 86.44854925109783
65 78 25.561821573393168
195 156 345.7234222682718
114 151 53.93784849769726
182 8 307.7285067518118
33 30 16.313115163042387
143 178 154.72965697943602
16 156 38.50523518705853
112 117 196.80548919299054
107 8 107.84220214315461
25 97 308.607586960022
91 195 202.3012909283807
176 79 9.382612894573244
162 134 76.40879307815013
51 116 345.0625336113168
197 190 84.70641545254493
167 22 234.92966291344612
168 9 111.83760794414981
110 120 253.3216964994964
51 77 95.53571023605578
176 168 126.55015411931994
74 8 51.17743750347788
2 167 301.68046665827814
37 154 270.51033063943663
107 98 123.77948514373523
91 65 484.338144642272
140 20 300.1229567448562
97 187 197.93029370337086
60 25 768.9626573439249
134 35 302.0975872104863
30 55 70.05718393201609
76 99 145.88850021952987
19 32 186.32704090480217
50 196 325.438357850229
186 77 62.401464670815606
110 13 734.8389487946116
20 126 117.9038757517648
109 137 343.5749512184394
56 22 316.31711341189214
21 84 99.94030500618851
25 59 497.3385289639277
54 42 3.4513821168164887
120 23 17.870739653445508
28 172 813.102842144195
134 22 311.93427334953725
122 197 97.87500228785507
117 24 243.8828114152638
133 116 31.738995241771374
164 66 11.567203272017052
138 34 443.9353253044901
28 77 82.10917962178935
142 7 301.2555356321171
181 107 67.73230128514672
119 14 180.33040273417404
127 184 402.5796861860305
1 169 27.11863583403457
45 138 73.51683929545385
114 75 6.584727398796436
187 129 32.59959694748913
113 34 22.48811948033977
107 24 292.50043355647244
12 138 216.1233617296487
18 93 283.4964900211809
17 118 397.8785632064254
113 179 87.24020141584474
159 100 247.7658977365433
80 56 84.63244966548248
131 193 48.70989498871498
167 20 10.41217289387354
65 46 491.89123940401015
159 86 43.69378248815228
107 16 607.3158635159183
19 40 75.22289538899697
122 37 27.88954362742395
182 101 67.07361617299951
51 35 717.649027560106
53 19 121.43674285433697
11 162 60.72295633243466
99 183 197.1862572860588
138 150 816.4495377492607
115 153 85.60827436531143
103 50 42.11882782610022
186 125 229.44786982429187
124 55 415.1821152875703
121 74 574.6122269315181
67 34 122.56646875386767
21 25 39.592614479605786
133 48 167.12798536422443
66 17 189.54848284393046
98 172 197.45642826317194
185 29 140.2654180979555
118 171 90.19867499991159
161 20 39.670246502212215
153 119 157.95451523086385
197 139 112.06345767218426
186 191 177.7862060059493
0 54 106.51394232407318
101 139 159.4680954143183
134 30 431.0515385132084
35 59 88.75948872980828
89 153 596.1921718786608
39 133 125.20209601456583
73 65 97.98159957250625
7 182 90.31169831464491
172 7 158.01759413032968
145 79 212.72736951271486
164 57 153.580121635132
116 132 50.53552764083439
184 126 157.21835048976286
44 81 81.36239032550787
10 32 254.30641195884638
174 77 217.74981912167087
64 12 546.8207333352382
163 77 78.75705592400466
154 179 6.067760484514402
25 78 105.07054200384343
135 116 71.91881648416141
174 23 305.45861729821104
45 114 142.35850058635964
128 5 47.792164391099874
130 9 9.405649331628203
155 37 91.46325846899647
60 36 588.7030818623489
39 122 60.60235303016871
6 111 0.682194105127715
32 194 110.6015591262473
143 83 413.1430532161899
31 192 477.0720188873769
40 110 9.119259193878772
107 39 180.74728543779005
37 94 56.970251915122404
121 82 16.672272799163224
88 126 67.80956939228157
155 172 43.7034618129789
149 126 4.269625476711355
173 96 244.2520734239344
65 88 143.211769434627
41 30 483.34988509922863
185 173 114.98575008436099
32 164 124.38039779141958
169 61 412.4487097814649
170 51 1.9992034806348595
82 41 384.87972531827984
110 139 86.19134448421227
92 29 805.0418085677629
84 195 285.42751510409886
187 116 143.11566387500235
123 6 42.713069462509644
117 96 43.658981634245976
6 0 70.15405649598884
31 138 6.301524541969286
62 141 541.6607622900701
21 33 34.37241198717069
141 119 17.66082975637088
52 3 193.3137356345941
134 45 56.352444688965
14 53 163.2687463462406
139 27 123.75773890687296
134 143 100.64889345673988
173 165 289.395997621455
68 28 344.6679459320077
91 64 191.4557025697667
163 140 4.8525477497979725
80 45 7.021311024254551
184 90 558.4492815400813
8 163 353.21291371330335
172 142 390.65403474461016
185 88 12.483048985492491
173 107 578.8822501590702
110 1 252.52750764948271
79 130 19.898391745505226
65 127 50.17450881745642
183 14 199.51438611311121
197 193 263.83944427491707
78 21 8.947374703551594
108 143 36.13844042835517
129 130 519.283400010475
147 4 39.53624557006085
81 156 75.54858377131556
70 198 90.24535840263952
34 88 195.99503316471402
128 159 182.47724245453128
106 43 115.87763806808921
183 70 339.30043303490044
66 171 194.71546567608672
139 133 180.05932749930466
173 161 5.848015209253137
133 104 213.42337101506232
152 146 513.481725954757
139 70 117.39153585270276
131 141 332.274803415597
169 15 5.688376844979832
48 94 42.43370597447391
121 95 52.094593343670205
168 67 133.16685422745934
127 27 220.08499582487096
118 163 243.02756148384395
8 31 22.335095505408372
180 27 237.66273871542393
123 106 42.85931212716448
1 4 631.9820353080014
70 181 541.0860709939421
51 65 11.212343336473356
109 159 146.3746885455864
178 163 627.4149418664333
63 199 423.72810000633353
104 107 87.98520103567526
52 61 204.05868729520384
180 46 5.133409084138957
117 51 187.14655385109432
157 47 59.75708005035737
22 115 40.47416312093919
147 19 61.12854643361031
114 119 409.86797188601633
68 111 414.2042502587016
150 24 3.177076857191484
79 15 136.06119119130676
29 86 388.1592254768621
91 25 208.6390650724992
18 12 108.59958639258333
61 21 331.70266248373235
51 150 393.7741281410956
140 40 33.65660548841435
84 127 294.7336734530226
182 54 14.30504478240962
6 4 42.48946861034711
196 9 122.06030612291386
31 53 171.0853242748118
121 24 46.077185683358024
83 191 134.09849499281566
172 26 116.8154500177544
13 15 30.76357787145782
146 94 8.788314578066387
197 43 0.8999466021061839
167 71 34.8070658172915
13 187 50.241794742924874
176 131 94.53018577288663
133 68 297.1169098490805
195 12 136.59253269434637
188 118 96.40770885346382
24 23 126.88819780037612
185 122 1160.5330817814609
1 30 234.65303587791806
135 18 2.645386230305246
147 52 276.36073335660967
184 68 107.42090424022241
10 26 24.678750325653624
123 165 399.7742569760095
114 157 24.944009241338556
16 59 175.36022234819774
121 145 61.3549227034493
139 124 113.68271086581616
149 177 147.72119017001936
111 103 153.26825556175265
78 79 194.16654729205044
15 2 19.26835939611564
109 146 149.6412634418468
142 152 323.1850313792834
174 135 73.49318874861292
8 24 396.6651256563623
0 180 117.83406647285028
8 10 934.5544895762114
175 87 62.772618492744456
9 103 365.421647822663
31 127 395.13294980519305
82 104 83.96913603033913
99 84 9.640790768773378
114 150 690.3563890762252
59 167 312.50688663271563
131 60 55.76826177626815
44 42 263.4805112595801
115 142 229.02686443126058
157 184 265.8015076188981
151 121 128.2837861853873
72 4 25.2037037330921
197 112 51.52175074628865
94 41 16.247475908547422
78 171 207.92330574090573
188 179 151.73952010918418
104 135 327.785214523063
15 117 175.78117394761767
36 146 128.80909429308508
106 24 130.16420125223283
96 26 66.34335449413304
85 173 98.92177022851658
131 13 104.1699032497176
74 82 81.83738642873155
43 154 430.0476953066174
40 124 23.672942940565136
187 169 224.88420537674344
62 63 124.15094473008826
47 180 78.42888239875398
117 97 160.91196815973373
59 143 34.717509573735065
0 44 311.32510774573797
188 132 222.33312157046737
113 151 537.272622909878
40 6 90.8622476878031
139 33 29.72532904857298
1 98 149.9169503498563
5 177 45.38839717899162
147 75 230.3681456209155
190 150 21.270822604045726
92 26 694.2931132868335
42 195 22.604844182252275
93 85 926.8771833315532
139 6 73.88495070102314
164 174 845.9373982477331
40 149 3.056906493404902
126 159 253.58918046215416
96 136 266.8173429209914
23 109 334.05226380174724
52 32 168.76882941582312
24 49 52.24220589306715
85 75 13.206303874243778
189 38 175.94542348371925
76 33 228.1403225203061
153 169 196.41738917062418
144 184 45.00966025854608
190 37 228.12909948097771
87 127 18.617674280729933
171 6 9.000995818212191
120 154 258.5290521161993
28 177 57.03013096461225
109 106 215.98792370474257
180 136 446.06200897130526
91 108 174.10767583061738
15 55 34.24337364986612
13 114 310.02722044436797
198 108 16.20918448028986
139 183 23.621308360625985
102 27 100.76284272511866
187 192 175.29310601110674
139 109 385.87083321845597
147 67 472.42279745089076
136 100 265.34156807302827
135 126 1.9519605858083402
137 73 159.60005414436154
77 168 127.58513961130605
155 143 0.5289448133712089
176 52 87.10093347022044
57 103 181.07255478364272
21 9 136.2911465599909
62 160 418.10395058551217
98 59 55.07910517758431
196 179 436.71312187723396
96 72 81.08706466404392
61 158 249.7472953568617
194 51 265.13230510265515
46 156 64.25537711360172
165 83 523.0982778818932
82 71 444.4465224031039
78 162 9.706920280694614
60 47 165.46508944889354
186 179 62.8418797569806
101 150 281.0961512327041
9 199 21.271353525972295
95 186 65.84587442917899
137 16 551.5511082291712
23 125 65.23658039106023
192 121 494.2990847093411
85 178 375.2951592776658
146 87 1107.1095742607736
110 80 328.7049894336385
104 27 29.340221114845498
117 30 100.34105731506988
199 157 119.24450867309898
151 52 468.3358907198138
32 12 712.8361822559639
179 3 137.008442113724
160 34 138.84402203447038
109 138 996.3209925878738
38 182 71.59751846448216
31 12 115.2458235434835
159 18 357.0150644468302
93 101 23.391443684079213
29 147 0.6392710737538587
188 70 403.43878460240535
86 152 202.74070435529495
82 36 562.0764638031251
52 123 479.84261848297535
186 85 331.7510673016844
182 26 308.7283858114999
153 15 170.36359587526317
36 117 23.918921631372555
95 147 55.29315329483531
28 7 269.6253460368003
195 150 5.901173387368116
180 188 44.25461810596072
55 20 189.36778516731573
161 73 33.14978226505118
107 120 42.99955069114333
85 182 159.34046488052184
8 35 139.81205165920105
91 14 269.15266032498005
97 10 250.31127538575203
144 17 417.35479969366986
20 105 344.50871281652127
23 74 11.180608252619981
113 7 94.55801525002148
98 122 99.14702708617067
124 96 22.709530281275768
76 174 363.17621810640156
125 51 747.1039348239326
71 121 38.07550348474894
55 173 251.61464626492327
18 74 41.89366454057918
109 189 9.897985477142644
133 63 182.007903879601
123 71 125.57872038907085
26 85 49.42110851415384
137 190 211.3169733849202
30 118 52.62639386910071
16 99 184.11141474023464
116 158 384.8943017778141
40 129 142.2245099781262
21 149 76.29596470255451
175 40 92.97363143137002
65 8 137.4440845974005
8 131 78.64927898908066
96 68 100.59411030216133
78 169 175.03418450833811
126 77 118.04486004666275
157 164 33.15072280619778
195 7 30.9509253626637
92 106 127.59898050227636
4 196 212.1854355285862
95 87 29.722224070910343
128 195 268.41420241277757
20 136 1078.0352373875257
77 135 925.4863846032451
67 131 192.42655862935112
129 11 479.72631478662777
109 132 162.2155971437974
185 147 301.4582397841999
117 185 124.4471627611755
98 157 126.84100663481675
79 1 55.640595394427706
159 53 149.82740220191567
94 75 3.953182221963355
193 190 14.959333466970806
83 14 362.92628087630254
148 68 82.78748198513263
36 58 371.7695734688758
38 75 22.956394806591625
150 60 198.71076598254842
194 17 347.0215296911985
56 165 364.69332272937356
179 43 314.3611582961038
87 43 358.2894486800431
10 168 536.0444023422942
48 1 85.3217201425021
99 42 49.597064521483034
142 194 32.79698586244194
136 64 1075.9321061402384
182 165 346.12854601653777
61 12 107.68240204346795
119 108 39.07493501939669
151 106 660.2187638641254
82 149 384.9432143876377
74 100 61.025396694585055
49 188 6.683879881294246
98 93 23.66094198295858
31 199 16.037067789283682
160 119 135.20351940917035
195 159 33.76571329134893
4 182 291.47682915837464
160 67 140.0791587613352
94 14 457.17366041833156
180 105 78.25763860112255
68 6 194.08783661987871
22 162 12.908213668776582
198 174 124.00244089133888
4 161 205.9837244340228
118 142 90.26963933690105
123 181 179.64398384468717
53 116 136.10558845790123
17 44 415.78620330926685
4 34 273.76194010716983
182 156 353.1102055111146
28 61 211.88875246238555
161 159 187.41586826784035
129 55 420.89270174911775
50 147 140.7407435058589
105 86 236.92529361232192
167 143 265.7794383241447
139 107 65.23594871169028
195 121 207.19144428292893
40 77 112.60416184850475
102 48 117.26998946757922
31 120 178.81807826921067
165 63 1422.924427003226
67 7 21.996724307452578
28 93 12.665042354682743
143 70 38.16787787619822
94 46 48.167318231997555
198 50 89.50474829348465
184 89 178.98107807205065
187 20 146.9927503125005
15 29 54.7802384961392
168 162 395.73575346353914
113 8 73.59302227987357
53 180 15.827512923261125
53 183 366.9051186515301
180 35 85.89056932016722
104 38 209.4771784260368
108 110 435.01818548516667
82 51 4.941254928358187
187 79 68.11175346878532
169 99 74.74355841474963
15 3 191.47012765579547
27 65 9.042528312712863
164 142 1063.8452661413176
19 192 731.0879187751802
175 18 250.9182215335361
82 111 51.59177465663818
110 63 98.91463694649053
183 75 441.17500571057724
126 112 21.74402278429285
8 33 352.7510635754184
112 125 7.08250558740897
21 52 91.77386931646393
63 106 252.55488658176398
154 139 176.04749526937258
150 87 5.030121432074885
60 38 11.465826091950868
142 71 41.743676556890975
84 189 133.80419771526493
189 171 14.375624860652037
130 178 52.691358224125906
5 92 4.43795464832897
146 147 2.86137323945221
57 47 158.19244925979294
174 199 198.04885931798066
39 18 123.42863397347143
87 163 385.3698232418093
46 194 40.71244517520939
168 17 169.8462618498591
180 75 82.00710956903457
130 171 72.81179775813311
181 45 452.33045418167046
31 128 4.696218781286075
76 46 191.78919508309968
57 155 4.145198842498186
5 149 91.23620859288609
112 177 10.156309210117996
192 98 60.25693149273622
91 11 33.803465461039714
143 188 40.309834120087025
153 44 118.6953593032375
168 0 162.25570517435796
7 13 85.93465613321165
131 157 103.97541007906399
195 81 105.09454705402396
108 178 17.31753228476674
194 94 134.63429571728776
168 183 40.54228236870196
55 100 271.91030249750384
80 81 194.792902686121
15 145 87.8424604424956
94 89 269.42307827050655
180 101 461.90501361091896
50 16 70.16749314401223
182 25 768.7335273338666
195 158 149.5847835103818
150 194 15.381731169961855
196 18 240.62941263606214
125 128 328.48327425843155
142 104 170.80586162604405
165 150 172.88089461135232
114 11 151.67311590935998
106 120 71.98671674531145
166 115 208.5765472550417
13 129 149.88102669466613
93 7 138.63551089424072
60 15 317.99283165074826
38 80 13.885826011906063
159 91 43.73065997982601
64 86 760.5857447027395
151 189 12.98212077755467
90 98 130.99725076679744
139 41 521.5372311883498
115 182 157.71522775741232
132 71 55.277413263896435
160 121 403.0770552422272
163 196 171.61275770353137
105 183 486.3937476371241
47 150 256.69734504457676
89 37 123.0570158681123
194 163 544.8345999287825
189 147 64.89828423337102
158 130 96.09042466535337
46 71 57.230626981806445
36 84 139.73129214684798
8 148 186.7635375394805
78 133 180.0847210141138
193 11 68.67495076732288
156 133 229.9586003346347
52 5 463.1435384864968
18 118 244.27979411209822
93 31 111.3401728362597
11 30 181.92870971827577
186 30 479.7890894289553
37 118 97.05615463149525
199 2 81.95740673085852
68 61 144.29735282054176
178 91 136.1120085489859
14 103 130.01658144966615
97 189 75.26405087601306
24 192 174.9242869238404
20 10 34.03787055281254
160 64 145.76816651625305
175 143 83.78688303745918
196 97 27.44210563662954
87 78 522.0402665356039
75 64 286.04226811455254
4 95 371.3124068193879
148 199 162.7265668896487
24 62 162.6840795036805
86 56 40.06715692069459
133 77 450.62279061012777
65 105 57.29034781618626
187 122 250.65877839489633
72 142 86.15343373227755
58 56 202.26685278879754
191 58 187.5068154110441
31 16 154.9508911808064
88 111 128.42274886363327
33 185 469.488204763879
67 164 123.47664667905069
167 8 3.2872376086745043
57 149 59.86250756937819
103 101 113.78756119305315
64 182 8.408546536345332
18 36 74.84431053436005
145 18 25.587922258013034
81 114 172.36042855281272
199 152 517.9302100900087
140 82 37.84687586059575
53 37 54.052122091844524
4 176 61.459133254681916
8 143 223.07270534125738
91 130 48.69102926802139
172 190 9.11603180726014
16 120 222.68054179105516
50 25 51.73757904140478
101 194 106.52105824301987
3 82 415.1958470668333
66 149 103.40075650462227
46 18 350.21540855436587
197 111 146.49336339506203
13 14 21.6472623567798
95 99 67.1693677431443
19 170 274.8645580195193
101 54 407.36151762646904
70 189 34.25430181684778
21 145 175.48926734463765
150 116 418.94028473605067
25 103 196.97405638096228
101 131 166.79365545237923
30 38 56.59776246747409
171 138 88.2035171259008
46 77 93.42304773656289
53 175 36.17883276362806
98 55 5.216510461289984
170 50 112.5171823650383
35 142 0.5287211812121742
178 125 59.21341445634026
4 199 42.693538264489064
99 197 275.00482786171074
56 109 461.0069080822607
141 198 224.0913234350015
64 99 1.9975608403653418
121 21 189.26310676428528
76 115 239.85823262121872
128 105 189.9527149728334
90 36 10.881774604533732
58 46 334.17245370591655
198 146 369.42483445754505
153 82 103.68494334957515
172 123 27.32482863900888
80 22 55.770362035352136
100 97 216.2386682093051
92 132 139.5347084582047
23 40 393.2212673622629
9 146 215.2386651308679
156 164 564.8224581975238
83 58 186.1205024355878
16 68 148.64851155439825
179 46 775.3416413615819
170 0 90.11868515288926
144 166 52.37707726045011
19 35 387.0976490687635
128 65 221.18521750224085
54 35 168.56533944306852
159 0 287.79462941214564
47 36 862.3436787806952
189 119 829.8250909069818
13 199 215.96525140023869
103 147 48.99356771829304
80 146 52.940796820232926
146 142 165.2113372769077
7 140 849.5960012148739
172 187 221.43115818986197
7 117 195.31807769648205
119 150 730.0991909934368
123 46 99.9103933713332
156 109 210.22237251948016
36 11 125.53280272423153
91 113 230.17037169618058
66 188 1.4717489785678417
85 4 332.6307126004063
184 4 437.76368587603054
174 193 657.7214841915269
16 44 193.44334950281137
59 168 55.2674320192053
171 96 210.54901038486932
144 123 714.7473348345555
94 73 13.579186176037423
24 146 177.426937816724
75 87 267.4453887855045
53 81 412.70422300522097
190 17 25.31818860410815
59 43 202.12861776775958
76 25 23.250565076775747
16 114 161.00614800179008
180 191 174.73815154551832
107 185 155.33173709375023
42 2 34.803641774573016
52 65 37.61996116395943
93 147 106.78909844638589
1 135 276.77961664256503
197 46 359.56975718221656
72 47 340.9239673299368
160 92 261.6211752714328
97 83 12.658178307042755
93 43 222.47109588060542
3 147 821.2983199316777
128 174 808.6879884229566
82 128 263.8612805740169
27 84 352.0181839020781
137 187 338.01230002631183
180 160 10.308974053062977
48 165 286.8898477972557
128 32 298.4021067128617
150 83 262.2918529327597
82 80 390.3474084928195
126 85 92.54139603276118
170 189 59.5279612213761
32 179 121.09830690775787
105 23 344.9668844176077
120 198 554.9379075582876
172 102 172.76472302232446
113 189 111.06304044374899
74 91 94.09102713381522
68 85 438.73164956737713
70 84 134.67540954619645
11 137 462.51025385747784
120 126 16.919819359867724
134 67 47.702389926062004
3 5 18.673756877228257
0 4 337.2799466638067
128 11 172.71069216847272
96 132 290.10708698935986
188 22 143.7560447810092
116 190 66.47260164440891
67 118 191.21972227045626
66 150 789.3190198802486
168 79 30.743780138581204
101 25 43.876742021604116
190 102 50.63895590157067
69 18 397.0978421144693
179 19 90.15918099257495
173 61 499.12983235163716
107 13 38.10728103282707
108 159 408.59622449517855
99 159 34.764095942937686
142 33 33.98054222629886
22 187 266.4456320883075
102 168 27.047931298346985
182 89 144.44314382879975
62 8 398.0891619035813
68 123 377.849501851664
83 30 380.76904292475206
9 6 196.45069555409847
0 18 363.46673256851057
136 24 274.1286264313119
72 195 233.609158907528
30 16 68.54306085308758
47 176 82.21034768986823
10 102 340.4862838075175
185 139 93.18221524874212
103 168 33.615169971204125
45 117 260.3519134297272
180 23 336.0311218249906
171 97 199.08608914051658
85 103 192.0308809964356
155 52 158.42180259613752
4 30 197.5720687569329
105 137 247.3496642641448
131 180 85.75950255885499
19 197 157.70270708507886
143 187 147.74435191201752
99 74 175.36500492845047
43 166 266.1807489477844
151 50 134.5090920943948
158 25 53.36156022827866
125 152 396.90088278280814
128 107 33.079735882638886
93 39 101.43539321877009
194 88 8.976422526349113
136 33 898.0637330605298
76 78 154.40726795724137
114 153 118.45801810811506
41 57 151.8719165656272
149 187 104.97418141595847
10 162 337.4714816699695
185 163 27.098113651465873
38 184 362.2695610666248
160 132 723.5937796484586
31 0 19.2969126572353
17 82 409.5013733775347
166 79 834.0608333349136
100 49 113.08806328549457
189 39 24.732393137710652
198 151 436.98510054139507
50 136 38.373211994932525
173 62 542.2217136630622
144 29 144.22585756758815
137 88 62.3297967382857
10 154 208.8209132135576
153 101 180.59301143363913
162 133 66.17709790057064
52 47 105.45303888532183
3 20 254.7483141287497
139 96 117.28318073476338
101 56 33.867690542046084
94 134 262.24903426161256
47 132 646.6722390003962
190 16 29.478269177624068
3 99 466.3573045648268
77 3 342.64401407281866
58 3 146.09691204826535
109 167 124.74270653719329
138 13 41.52392838789009
92 41 87.22407827534174
183 148 274.7830010246194
57 54 77.44406146393848
79 47 145.41660979101061
121 79 168.09845234842572
112 53 377.7607042586907
7 122 104.40666150608828
117 74 51.486429814181
6 45 551.3999473800064
62 116 37.158659582658494
16 23 196.33248057501865
49 48 795.4168446578057
27 39 67.37249541437346
128 158 480.28458467329756
101 67 383.891300116057
83 21 8.227203268618691
0 117 527.4930507510892
166 6 379.2380905787347
20 68 241.1821015066836
121 185 22.01878967550482
161 164 232.26565153025072
192 40 368.56954225970895
169 7 106.71680840231068
25 42 453.4446037678698
106 28 184.61799534403167
22 73 113.33112856894057
151 120 171.5756360743259
161 146 244.71432312790387
31 122 24.48814816267256
175 185 433.124076133808
36 168 38.21455429283122
79 100 270.56779554608096
38 103 12.277960499478722
196 36 847.4244003249213
194 109 151.08524975206137
175 60 167.63375313270527
41 162 474.58592015160974
193 57 128.67758038907124
60 75 176.53114889524866
54 22 18.219101263894917
125 138 67.35196847237683
188 159 211.63325992056602
59 48 2.6861852655432292
157 139 147.96912054830617
161 78 686.2083995205628
186 107 240.26138060298234
123 40 219.09635695472392
3 114 183.8116886736359
176 51 36.59315183191802
194 124 146.96898964964268
162 152 635.9666694119622
107 74 234.71214536539625
122 102 51.75445664561353
179 143 143.80035062900143
185 172 374.29080332071464
133 129 694.9713179134851
194 114 133.05316162507324
118 40 46.18043845303169
19 141 315.2650194252531
133 113 96.23697949267809
180 57 335.5256391894477
78 82 179.7664794944722
0 51 83.34899168760045
82 107 235.74714703143894
106 1 90.85058542761992
180 82 144.98945696177196
136 187 57.16070025307318
28 29 15.209309309436078
183 179 65.0634071908372
99 77 192.03582627307333
113 159 37.313946957730934
3 69 279.92116077805684
138 74 219.63162908298267
123 188 40.181184717215004
103 160 241.56115770592584
112 142 63.65876652210023
84 181 100.45897695955419
74 183 95.99080320087528
132 5 294.3161755418425
146 168 30.073231389877268
131 72 21.62906450426044
80 71 414.61201849053816
188 68 248.76127670113397
52 127 154.74563272860362
68 77 20.515142264410308
42 22 5.004827832422061
112 2 450.3793571401728
57 22 69.303135075929
163 143 221.21310843775933
43 67 628.7052513187597
166 93 25.532631919825242
155 127 340.72536685843795
115 105 24.002737090152188
163 130 304.3842371439655
19 13 297.7601814002855
118 19 535.7118636844451
66 39 106.29477805110264
187 191 34.158835972287385
71 131 331.28303764151394
30 174 130.69377313474226
185 111 21.896072523586906
172 80 43.90535009249731
66 34 393.3467756756813
51 34 85.10714423908806
99 51 47.14877008655189
179 25 283.315724551099
88 121 473.5855547531347
58 52 263.32485545890887
25 73 11.082022448885427
89 68 71.77749579632334
111 51 35.700749039904714
38 68 33.74804166928035
160 134 46.08666352564142
76 188 311.6968042556158
68 94 188.01496413551916
59 141 4.036217872732795
143 135 55.91304220278275
127 159 3.275336394829521
11 15 115.2616548123961
117 183 154.63887156095794
182 61 84.35110429583415
162 184 289.908497297921
39 31 52.78034132596188
83 81 128.360816237308
166 110 434.6297707826418
139 20 83.95534653833278
171 103 466.81576661965397
117 113 63.352015954182114
163 161 454.28604978723007
4 156 195.81532251876834
190 20 79.0813410050072
91 103 503.43092351123744
195 31 467.19952871021565
68 175 132.78569404348895
198 107 48.225752377729115
166 61 50.16270303185997
3 81 104.98006924256389
117 133 35.812744181932715
176 73 400.1224093476187
150 132 182.53870844601283
103 174 20.36285039446325
81 197 112.1118402058989
148 160 387.42301179974856
36 32 89.77059297205888
141 63 31.235098472014116
0 3 280.514949636326
105 95 159.32422593981116
66 5 43.98389131740914
93 27 428.13247835556894
77 144 164.84002807067384
13 185 69.85788545392
183 12 117.72426949960703
95 158 714.6945350515996
49 55 53.11344958056306
148 97 299.08437857612427
56 163 495.1969076443454
188 151 43.41054380085913
25 126 1601.4599324424935
178 187 2.0325560231160686
99 54 113.84603217318107
94 121 526.6128578497503
47 104 3.7289215227127075
123 113 30.697276736697752
3 48 177.4988403339997
125 78 511.7581007955509
12 79 118.83183934509725
139 174 220.81212501410548
85 20 787.1142759044653
88 31 126.89391075617218
122 48 119.54590900929311
31 54 0.5659338275627623
26 9 40.92031284469099
75 7 151.79154979498392
17 30 655.2226394880507
177 11 134.01140394370236
69 80 1.1120355573380662
124 58 52.629778942681135
199 48 8.117240615617144
116 126 23.243992898046333
116 154 427.8058105204
84 132 102.01519589581969
36 107 46.38351542838027
124 137 39.39316064137854
117 116 76.55663869112676
59 47 95.62182411046804
177 188 2.1319082848804913
193 101 39.23035594764242
140 42 535.0665586551091
136 147 55.31353105441911
118 143 85.190810404358
64 17 376.1016456913511
159 54 413.1072275462518
181 164 235.86717729463246
155 73 60.984141704020686
109 21 232.45446367849917
144 61 408.3947658088151
83 13 16.95911058504444
181 83 142.0462283395072
44 75 180.49433981845874
43 36 26.697438914539482
197 40 226.56135256913274
3 97 448.24341683462563
96 160 177.1897398134344
106 50 43.87245869901769
173 178 17.164235230384566
74 39 130.09352128063185
162 102 134.16032661162208
8 159 469.46355011406456
197 189 155.30698882649793
132 8 162.23697067525438
17 70 49.505496950891285
19 161 83.1114167580937
108 3 463.04994543716936
172 115 53.056517791266245
175 117 173.40952612350517
197 132 143.3540799442739
84 94 278.6809069302822
131 108 8.255629279293334
168 33 372.7248794500857
101 177 778.9028922127438
173 127 154.17817962942522
41 1 239.55842252740084
138 61 394.9035908273323
193 44 419.9169773577774
170 62 106.90515056759506
184 105 280.72792923355007
101 198 2.180474016988767
170 129 106.77375320696987
198 173 7.295585241977916
161 176 79.17964402301541
50 17 535.1844002544136
170 178 196.93364133089065
16 78 251.4993969768915
166 4 132.1160199333197
140 183 240.9725816242452
46 31 378.2801524986356
178 57 228.0141777393461
8 199 223.0079525902965
147 164 204.97973413837346
126 72 24.18685261202346
148 1 80.8071241013275
168 140 280.0248013159405
191 165 4.537379540432616
93 135 151.8625675210955
30 199 167.12461826766028
120 7 34.74641012661968
66 53 84.00105384058791
185 189 55.22514570246471
8 105 100.09198194909902
89 183 66.27890109925384
108 114 38.10042139361568
31 130 187.06246463697764
21 18 33.51768592054053
190 49 1674.217087458957
103 96 118.35674176808102
50 105 186.20801392833968
174 95 197.52340083921675
8 47 263.1035246207827
60 17 217.26492087035237
199 117 201.36797069884653
33 58 117.550467519534
115 192 99.31744046638669
36 160 73.03892227757754
77 152 501.5280520217085
43 91 187.71535492586787
10 59 38.20823833264343
35 198 62.36643650600663
93 130 317.6853152080025
94 5 307.52637999643036
6 18 309.6312565083578
44 192 172.35842292588396
188 134 198.89132019825482
15 95 161.9187219377391
102 101 111.7624751717118
98 26 285.8905260704941
76 53 546.4464199377392
17 176 173.8617383186281
57 51 318.74753093839627
189 66 12.217873617813007
147 25 15.511155621288625
105 81 3.0952143649257398
139 55 547.788920443937
67 159 12.760654575765315
42 69 19.246829244376322
152 137 283.6716988826891
97 18 105.8221134990617
91 143 454.04471930126107
163 28 107.71562269683288
173 109 381.85899002122926
77 71 136.12637275855081
115 146 180.795325106572
144 96 131.2445959112371
109 178 69.87868582781503
169 85 8.158659399970624
81 147 189.56561584947923
194 1 383.28647974714545
2 135 453.3301322529981
11 110 60.093556961230654
173 141 180.15490986891948
75 0 24.91424498937052
168 54 65.40635229696579
103 169 165.64707223085406
126 117 392.78507707653176
25 93 300.8241940358717
66 30 71.9409371711038
127 49 874.4261436724098
125 181 254.37685786197991
109 135 209.42824295470305
28 155 435.76425087608254
112 67 62.201000900028006
8 87 111.98096118365353
161 74 193.34346038314956
32 4 152.01344057508223
14 139 53.14389433970018
133 49 72.37850829067237
162 174 50.392731953913014
73 178 77.39364737737888
59 31 132.41985379247808
65 32 481.23282424679593
105 25 43.92654160279712
10 61 386.9070194956376
138 22 116.99276591220536
45 176 610.0650541403938
58 32 130.95176087114086
199 19 619.0948154416806
135 183 118.42248149319121
91 145 275.8641757681017
126 3 73.77122339925258
144 193 209.9951673382153
35 129 600.9416587489225
46 9 112.90242948181674
186 182 151.01409570799123
58 79 264.6256381020376
161 108 178.21087569891554
74 135 78.18035465375583
75 119 98.53070660676174
145 182 432.5440153539342
166 30 43.98101149865964
184 60 220.23351605208853
68 44 209.28570779095463
123 118 15.392888547939979
59 87 40.7900923337328
130 179 191.25846427213514
10 58 33.30565919474745
157 178 99.14389274043106
70 90 168.97949121813053
3 88 78.66722868749594
161 124 37.98262097838418
140 14 225.38134405551108
6 176 81.08372783489408
84 5 59.26566410387735
132 146 36.4265961460179
131 57 203.56693334857798
63 10 39.14125683285688
191 18 26.128284855335043
112 87 283.23547540963307
157 141 2.6877552496968478
195 169 155.18143787175745
133 144 283.37860324556914
94 83 558.2567491659564
99 116 1071.2436029840246
83 145 451.36571352094546
134 93 336.85106255827225
107 35 65.36261472278524
47 0 121.730030638357
34 174 317.2934619883328
192 56 728.1603550128688
38 110 370.2102336078725
74 151 222.21969963259065
86 13 328.26191069324364
40 59 95.44507060794733
80 142 112.40419040759252
122 54 147.24590120457603
102 23 6.994769252879711
62 175 699.2494027241005
15 19 81.11587062112575
58 97 266.531676284881
73 84 135.13767912856835
150 120 345.4349877061585
14 159 60.848372606121224
84 134 62.17352482917289
106 118 148.9100326512591
85 164 453.38705571118635
2 87 564.0166299816527
53 22 228.1022025283217
135 196 13.31911999165013
152 121 118.96129812434802
92 87 133.45242297406625
81 9 76.67009755113797
7 17 529.1366539099799
15 40 164.61265393595724
142 145 153.61870362810188
194 30 16.447600184965587
62 168 301.50925592329713
138 50 29.10537724268874
67 62 419.3866094554668
153 133 178.13634026664525
65 102 330.799809866587
5 138 69.72340376910995
34 38 144.59832058446136
1 97 20.981574972229826
179 71 335.610475748027
107 153 117.51005338132876
164 125 30.660992111834673
17 158 488.41450602988664
96 39 229.50366620348834
107 192 694.7027969082293
101 130 568.3772004096105
159 101 303.9626687814299
190 174 59.84939534391241
174 175 126.14193588586294
185 80 170.25676621329086
169 144 0.76173923773904
113 56 118.26920950185755
74 67 79.00988493705788
15 47 91.8268121955361
52 128 339.8459338384631
61 79 174.52642499295544
116 115 230.7521599940407
1 96 21.66385655818423
12 14 73.09212147860808
88 177 76.02862460992175
187 33 63.273284867925184
138 164 709.610842561769
171 175 113.34337483014576
33 198 33.60997657398016
137 148 188.0194687358551
24 197 119.51339389640903
33 98 88.95986253622313
28 27 435.03223176213544
143 149 216.97148274791846
107 151 149.25077996216152
50 154 250.71861970889788
45 156 91.49692668274103
44 112 1.8459004364339806
151 51 35.953737191248955
43 164 883.5264329873164
65 173 107.77006512188557
196 62 123.92113454314115
168 159 65.25172398615835
78 177 209.09928311300015
63 85 170.83065691043217
99 10 128.2600414819845
61 194 421.4835902630867
63 184 109.4899775506181
144 92 12.543327606284771
179 20 341.7349169152118
72 24 172.0279292157219
122 159 8.814904664079064
43 5 443.73421093338027
193 61 143.77912605269938
14 62 292.21501071337
136 3 141.07909981104243
85 95 102.16904879336484
131 88 179.08638694981425
58 29 108.51535591670363
2 39 526.0344106105629
114 167 71.4047364892284
137 18 165.97929382005145
11 147 27.02310745051171
8 48 173.88743929884518
50 8 120.54352770876966
100 52 68.68912213035374
32 87 29.115790157702875
26 159 121.15609541452903
49 59 237.49233164216204
74 170 260.72102058277574
100 143 326.8182181656965
100 77 219.24541576643634
127 129 4.146078105651048
26 69 113.67638230949946
173 102 118.54636842135346
116 48 374.97499874893913
79 28 2.337247860184309
61 139 60.47651943876787
106 47 101.13741590395391
107 1 8.580463996778867
170 97 105.00524566307443
11 59 111.56737848340693
120 162 189.09633621654564
14 86 358.3898211824166
134 4 258.73054573009273
22 88 41.313436693213674
51 191 134.49823030461104
96 146 25.745633510855694
190 54 17.610459157653725
162 173 489.0787523708877
137 10 221.54565760664568
15 32 453.9250303857469
198 110 51.19302756440718
99 173 1566.834269915117
75 128 19.17856052337335
158 119 229.70251186061202
157 179 1.2194351332096742
182 125 405.91642013520095
84 53 88.355498815159
154 86 106.35697415433707
105 143 94.14533098394149
13 70 655.648025456457
72 64 28.88179551192469
63 132 261.7051678391841
161 121 259.9441023436802
129 121 33.92020274490953
19 172 86.6122226096663
121 114 108.57603728413888
46 75 93.69189575229075
199 10 30.765955237525727
24 47 163.4875738229465
152 126 25.37006161892496
101 172 10.948139892184782
21 158 250.19411270617513
162 24 319.4743793671884
85 162 408.8667256929243
113 3 25.790253819419018
7 144 44.468713242758255
62 162 236.24819782277982
84 83 211.90703261918236
109 37 91.76695161427959
128 34 13.394694742056492
172 132 22.552947818613973
38 107 203.78399193782184
66 131 69.57702047213562
9 4 192.91011763796908
90 127 245.15828216099825
15 114 236.31597787386372
83 159 327.8442804358289
87 108 82.43400408097644
69 135 132.43669954796877
154 76 87.50135035168633
32 169 4.22323901319802
160 85 18.864892101559715
129 21 140.2658983111096
40 109 222.4076795343142
198 84 274.2386390648628
142 163 356.6359197554716
199 71 124.60286015539639
144 168 27.897657700125954
189 160 135.26342650656858
172 68 128.878225037744
14 38 693.0158418151102
20 152 423.4100959843313
126 31 170.43736253954634
84 46 106.4691859480164
125 37 214.30855704513755
147 104 237.7430354979585
37 32 36.924625004335816
180 173 29.154879967234958
90 169 23.17332649973474
165 146 764.3909859518234
191 23 275.10489306915605
153 175 50.346920896690825
166 185 122.61210110568268
166 83 493.8026824796064
26 118 238.4016268063943
46 61 166.46511784797963
100 63 30.98314722569309
53 25 67.75626734454111
184 119 310.2941318128961
65 190 687.355597389899
196 96 22.101821745680052
167 51 112.86950442539015
175 2 70.41085310793235
55 161 216.78967274924346
192 148 61.16348242981697
152 95 0.7308740957645747
167 79 43.40594638468342
7 143 561.9229684247908
156 151 32.101993384875506
181 102 42.13117975214079
89 56 821.6851536190572
46 186 16.85679601825256
128 94 381.85509695599427
113 192 33.156349210600034
150 61 70.67448606651962
107 155 85.34224396168376
138 15 61.09462123408401
64 172 155.2313386814201
15 120 102.91137216127227
25 29 118.50160930106621
122 84 306.71055101461275
16 62 109.90200346209411
197 159 464.6170422472788
164 20 32.71658287767995
185 15 67.54724488044086
145 37 81.88908488396984
153 21 341.9462173555249
191 124 274.5756928220383
47 93 134.01926977042956
4 64 134.90891215629114
156 66 74.37803395945576
159 88 261.8608696903244
18 88 166.23277918937674
103 37 16.44133230788984
77 22 320.6967356385744
121 2 20.18533951058036
127 51 36.305022531780644
141 52 420.33464204723623
50 153 10.047912501262482
140 21 77.58226463197677
53 184 114.40504713456465
22 14 260.820120679249
145 167 189.16975223823437
45 139 397.4400193491716
189 157 466.6336009417215
76 55 13.638943685282062
98 121 87.88612244875728
82 95 220.476063798012
183 84 190.28966661044754
187 171 86.28521879520066
72 21 54.39658567162907
187 28 307.93332265235244
62 145 95.16045349494794
54 16 557.3067198832009
166 151 15.089950889811979
15 53 83.24686950320518
154 3 10.017137535213545
34 197 409.45266404860143
192 135 76.77960037004975
36 9 358.6986439694632
117 27 229.88695837850938
149 64 451.19087639578044
153 128 20.732186164923423
151 71 0.6152449249674677
37 88 348.70628468226624
164 26 145.91352893438156
156 121 695.4641518549114
98 20 217.6559257415943
171 89 22.70184589348143
92 164 140.50777907178872
15 180 75.76630317923949
44 59 333.69033639703326
182 88 5.709232508905257
10 116 66.95715157851345
101 115 99.21073321403276
113 126 751.7969997410671
99 62 61.808788728065835
38 146 5.007104622959405
45 96 183.56357964144337
131 196 41.821208203410535
118 39 179.54192650526468
177 44 373.48067875930695
176 105 358.6892800086491
64 14 130.93070595735864
136 30 230.98097675016032
72 26 322.79140614383317
149 196 333.41373477011655
199 164 157.91100953961242
73 128 84.72697097512354
44 27 600.6156234271094
38 48 187.08029918459314
70 0 282.18894675990026
150 193 371.80490242323157
155 6 86.97027477090055
184 25 272.6402718730671
101 136 129.06399882143694
65 20 103.47480450144072
181 101 6.168735120040843
193 29 250.92807644542034
10 38 59.176829856380145
36 103 430.11612743163397
77 191 188.34550708652816
194 35 98.89635881857707
14 132 10.10804997131684
58 28 207.85257751916265
142 197 62.906713520453685
182 80 179.92988920417255
82 88 15.328166913805502
7 162 45.28443572724619
180 140 1231.8327864564221
56 84 400.60292042201047
19 113 343.55554888274185
41 71 336.2252199931346
110 140 187.22005349445308
83 163 14.343936687704192
137 7 152.99741995658525
47 188 211.2266086194031
123 31 21.811322537645232
119 170 128.03434081583583
140 165 53.62916865676929
166 143 72.75881734242166
69 106 93.02752694723296
37 179 128.7567565222351
90 119 65.59573745033943
60 193 282.35228988826344
29 41 175.94728342627275
19 18 335.0555606713059
45 157 309.3824772336494
31 144 178.43277381165876
109 2 603.9119315548838
77 114 811.2274670358703
20 115 67.35069115609028
172 158 188.45628524998438
170 77 5.9582972829307925
54 63 235.80710157162736
100 38 27.820926655753418
182 139 51.24849408610178
121 66 169.70213555862557
12 17 6.3388827117530635
30 176 10.940624292402577
9 71 74.01452176312308
33 69 194.65922977480938
129 142 141.84951040280745
110 78 384.7430850041567
92 51 464.8836684866671
116 197 707.9631434157029
73 60 914.9357535628421
143 1 13.881649279864197
137 94 341.6723914219975
162 150 268.8818246203104
80 36 139.89536501343702
24 29 518.3127197100725
147 89 57.35263750401841
8 60 240.78630800123642
31 143 327.1607395416681
63 176 48.48457406076153
74 5 139.31194024391766
105 66 128.60543353690701
151 39 267.86418162737425
183 126 96.72977202221561
61 149 182.68700342408968
124 110 180.46377238381078
165 49 138.936800940956
157 23 154.92354845416628
41 23 19.754344067150143
87 102 119.87891256841894
17 172 55.54529499808145
50 150 110.94904152709606
81 115 124.75963573506432
69 127 355.8882415479762
90 121 554.9490401147792
109 133 0.23487804679888197
195 63 347.0442609674893
69 58 50.187728260783224
85 180 79.24131596542067
97 133 530.2557335044485
133 107 167.05288308536
153 17 208.86640657600225
38 142 2.7635688095907898
177 187 161.08602080049835
117 2 349.2637806680734
112 146 356.9239700612254
99 55 297.4311111980657
149 65 89.41538706658889
152 46 231.08372520670812
189 3 445.9051078925133
157 76 493.4482652696207
113 115 258.3138248313309
75 176 3.888051384846035
56 144 94.73362228509346
43 0 76.09291139747037
60 137 27.534316268901122
134 193 164.59922072544552
141 171 27.2878924959578
23 136 168.3687368479922
166 5 222.08131179138468
9 158 162.0796640089413
18 165 78.39647424520831
17 16 518.6790274527084
1 33 194.6485844185933
48 104 482.1556815293536
142 25 129.471392602491
174 181 13.83228270875746
176 183 338.4285460833043
164 78 42.745667200449226
100 76 251.98588852161618
8 56 2.337753441193157
71 116 51.747849366158746
36 63 251.59869875513766
91 115 5.726356482011945
11 19 209.6990777625035
8 158 67.67902673459945
102 1 140.9388587611551
121 44 563.8309158212535
117 170 197.6682498701643
153 142 129.6663281230767
22 152 578.6547926816794
177 21 210.2641097596881
32 178 36.99726599508488
41 141 170.96366508680032
77 66 455.6373165436835
175 196 136.47497843708268
75 164 42.896207981370495
168 165 139.88603854442266
172 127 841.1369595541906
107 145 147.7211621438469
95 66 105.11104357506484
105 5 19.06077624460172
193 155 42.460904213712475
18 103 72.9355071953631
111 168 65.49801011038822
61 2 80.0386744806929
80 136 119.56404806165584
125 183 146.4668657210495
155 34 242.05736823706508
157 24 196.14855989838875
37 168 36.661164766174245
68 195 96.2442166246525
54 68 114.76831248489586
77 35 346.04683664852075
176 104 241.8634598301631
157 185 408.4270572708661
177 39 993.8356596759384
148 155 115.15615578726191
145 109 51.28136549338009
154 106 130.63926013285416
186 116 35.67164806692696
76 79 480.3764576235493
180 186 185.8580621681794
55 112 311.6738393826871
20 34 452.78077478276623
129 2 24.27059089655945
79 66 28.76443863964241
102 61 456.73140339953034
171 181 74.44003096496688
105 192 296.54523341769163
176 37 133.110563712693
42 50 90.73058690508084
81 26 269.6915444023121
61 37 138.47068858881667
123 190 427.02445757157
167 127 120.955821717206
145 124 11.625949966645596
129 102 215.52082458555887
180 110 155.27134568356846
88 178 227.46135863841047
10 198 40.29314773751171
156 36 216.72808723498784
176 19 3.1392332213620104
50 123 365.248525645932
26 136 4.845112282029287
93 119 142.7282479341407
56 55 96.9984291496863
20 137 632.8202566540566
24 170 49.25954127519999
1 56 538.1767387852922
63 86 92.56076267161598
146 138 147.21572843531536
176 84 115.09275709263294
68 53 94.76290455791109
36 122 1039.9900020208217
32 148 24.923332932985733
103 46 342.64484237641784
95 163 169.28004640244203
26 23 122.5414750232542
164 50 143.48247689658265
82 87 268.3679958583619
90 157 403.6360598141605
4 100 133.45365045275335
187 58 232.8630484901327
65 145 5.317478478501296
91 52 68.78467338986923
82 7 38.25353243137855
88 48 118.02400539294933
144 197 27.668364834142682
42 18 116.51603084822185
145 70 110.18918408853082
148 73 304.07682448582796
26 176 30.345877406106098
159 10 203.76811603995066
57 61 449.6065265730124
139 68 184.79141698449305
16 11 114.91276812199675
11 108 176.83551766864346
42 190 72.96283012090646
0 57 78.95465066136775
36 19 302.2093396665208
79 147 65.62391453497995
152 70 314.04989684798267
55 119 36.36890496361743
122 58 27.034492334089144
22 81 144.88935004757911
36 6 130.64198813695594
180 147 319.1872959309049
178 196 289.73745733264604
170 157 131.19325743667576
118 139 145.98500010346393
142 18 182.3110399638149
185 24 19.78149686141295
121 78 48.19788106970845
134 179 497.42837235972024
163 101 123.79186488335263
182 187 295.88195166142424
20 185 292.60993463591757
16 89 66.09827143425753
68 78 112.03977412536491
2 60 39.58689691497177
75 52 677.6073953468589
199 187 500.78163713984924
13 150 184.61813387397527
94 182 16.23324005141751
169 67 69.67376748931528
41 112 218.4489815092335
119 146 7.4188909238527225
89 127 63.75358604965762
190 71 231.78835421666187
86 39 247.154990510609
17 29 306.7260665425334
93 80 187.78990507579854
124 128 29.090062257660033
174 160 0.30370708851115535
112 158 102.32172737063098
39 110 90.21486707527781
195 196 133.57205157035452
100 190 493.84076714720885
177 174 124.90383045286684
179 189 44.16199185998512
105 178 962.31447995764
5 49 63.27758043334898
45 17 227.68635059339698
198 29 54.970520803283875
65 164 9.51848271204024
62 92 28.09090446621622
132 179 131.10038073868535
154 129 73.77471152941617
67 90 75.20528859317022
77 181 154.7587692434956
21 44 3.698822032033534
39 11 739.4869459268976
189 25 355.3988625601542
143 40 39.58108055654682
30 53 32.49823774173662
84 187 213.395870238997
10 29 0.048027209027363627
83 92 521.1551350738913
96 128 198.49716819606664
47 187 18.165636149687035
49 113 244.21408648132345
119 161 28.859443907756972
100 98 582.6307486897524
71 157 809.940656781154
75 27 24.986942120826715
141 175 53.11507901557931
192 87 437.0149055199196
87 24 386.9902223376711
86 169 209.3030056384036
115 30 220.03002119803244
25 4 117.98905624881964
21 189 58.556509378032075
25 195 171.44056514784717
130 149 140.29803433167714
78 124 186.52825950369086
6 138 102.98439307288805
141 120 4.00637062963798
8 195 189.00996382118745
169 29 101.55576058985913
119 18 532.0141731615247
34 132 122.3612884158054
123 130 43.85424715842271
48 99 309.56637653589485
66 127 0.40634546366927976
101 195 51.29584091545556
108 138 69.86049713686543
178 168 232.49055531749443
72 105 308.91126667710796
139 97 113.3507491838618
125 109 196.6008755094851
95 139 86.00232690004354
91 174 20.93906726276689
6 89 298.344279399956
91 20 69.7684605162001
77 121 74.96843721268003
75 173 56.16763213976256
47 158 167.5608073008549
146 143 679.4648622022605
144 74 17.649835574977306
175 17 60.3264464521326
178 197 68.28068244720002
132 65 24.162958201551653
64 112 213.77618041842248
59 56 108.40548524570035
18 62 172.8082209411474
36 33 142.18877785316278
80 96 170.92683055790593
196 109 249.66505356299
126 189 36.12655199989764
155 23 8.162884616912198
159 79 25.704927530081957
187 112 28.957559802493215
40 54 65.13387269502027
38 97 96.96564033416819
33 72 217.50569216605138
76 92 23.404248721060533
149 147 118.19833003756868
129 114 170.58479771264524
66 159 37.05040848204336
198 144 203.05720119390998
58 7 15.543374856774806
139 176 116.48752988756269
149 83 281.894869372489
99 117 142.5903553695939
48 95 218.42629161481818
167 196 30.205321194924906
87 136 58.577503162603584
48 175 173.81287205321814
199 195 739.5474000182655
63 51 156.2041433453913
110 89 15.663756091982743
21 98 257.34247328661934
186 71 74.21185998410463
187 193 53.56731967824422
96 107 610.4893846142892
45 194 663.307035106207
21 165 19.68499198764728
2 35 1460.096266370308
77 17 843.1230750101113
177 33 727.03331920625
57 80 29.086202899243744
164 44 31.135317552865168
71 95 76.02542987776019
83 128 51.90199663173032
179 162 9.676359629841869
53 87 68.65049313068486
199 109 164.21846676324054
23 46 333.61336367748254
75 108 146.61550715265784
104 0 94.00514539530127
125 102 120.97298251599726
3 66 51.86763193237128
184 101 718.8348040696582
161 3 611.7334393183495
187 100 83.64387385938056
28 53 32.09226786619146
71 174 16.77260328556179
19 119 25.523320590644744
119 63 159.33326741504413
66 78 81.51126856406957
5 123 21.089545983821527
46 42 569.8703339927005
72 157 628.9887273731617
130 184 110.81525012230394
60 77 233.4391592367847
10 136 32.60003022078631
119 2 25.408772359235126
35 89 291.2118493140417
172 59 232.4690725327887
105 155 109.943953833856
152 110 22.248989977603774
100 80 328.4457822774941
101 55 993.4887367897394
115 187 265.6834729796175
178 36 70.03058536988783
88 56 161.6225357879583
72 164 18.62629440854418
106 158 40.26560813037947
52 132 141.61672567915846
52 124 131.54970073719272
191 95 113.459224905911
153 76 185.6967759525184
131 122 60.61481022747515
46 162 71.33667435106457
133 60 181.11359433150923
182 141 218.7113993453687
129 122 55.933662987567956
0 196 206.31468549290952
90 131 85.04275262545372
175 176 16.14313036210295
156 29 196.6499874012896
131 20 106.88117320322412
140 171 414.49050203126916
92 127 304.627877361197
199 176 144.1056839626953
147 153 11.909128474936345
113 184 50.394255926408896
148 17 110.92204931292093
168 88 242.74749485991288
114 159 364.2315581724265
57 76 106.04740276463815
52 99 6.919337033661092
25 167 360.7527024064849
90 85 203.33731191337776
119 12 370.4910228157759
85 107 55.80606203852132
141 154 128.00521118858973
139 177 130.2952803179233
59 62 125.97495301170002
137 135 327.07677850092784
192 62 228.81553037537424
67 53 218.57647067565864
142 5 0.6567186702963859
61 63 65.0473768056233
127 28 408.6333353845115
23 162 123.72240086285291
24 7 18.81825726259699
86 145 230.2560776027449
108 168 93.58135709091503
45 95 113.51137408599507
21 37 121.5387186648567
83 15 72.55520677754545
18 180 186.07160338487802
162 28 0.11221806862013632
80 72 307.2248210201445
74 3 306.6532387564478
190 12 126.17814344487547
22 108 368.5023238877711
52 86 484.9426026917
172 133 544.1279422832328
155 114 59.0322408021836
148 64 54.05664318373358
189 99 1011.8948413559613
70 68 205.2511094057231
95 178 15.04397536272677
69 86 91.35381423354703
162 2 289.66496719268036
14 28 334.9644405449793
85 185 635.8013117046684
112 4 156.68410370752053
21 112 31.793718659883336
23 58 226.03227979586399
135 46 278.2022335315609
61 119 633.4414178550436
95 114 1.8624810061902413
190 76 133.43292346827326
43 78 263.3872498808142
172 173 367.9212370338487
0 127 17.898737554250182
171 9 89.5418323758711
122 38 1.351506245716765
61 168 67.26322754283535
145 128 139.62700441479834
42 189 952.8816171369307
66 15 524.3628310442002
189 195 122.75669774356624
51 67 114.55684772693017
167 115 377.1227336698342
31 1 20.214368402800933
199 172 335.4419263210745
17 48 162.11287452259836
72 134 37.37223160114486
88 174 194.7201064435967
93 64 35.285179243336
44 182 419.98987169373805
26 71 471.369494679693
48 72 278.4267353381564
176 173 38.8734726508271
155 164 110.48611396080965
118 148 155.6024524021148
132 95 6.7564679783539265
81 60 350.02769366057237
83 160 901.6594689753763
175 88 15.71421304750762
121 60 335.89925858141834
19 57 798.2142695434552
197 192 112.43321218842436
52 142 159.53573815470278
76 62 196.31619954687903
162 157 37.18593356008885
146 32 96.62315569447411
91 186 273.2472972463584
23 38 162.27288627450102
172 129 90.29915051675371
116 193 764.9266321205051
95 143 195.27492572655638
151 148 152.1243515322824
132 180 26.613681726141714
62 55 588.8166339475177
8 71 11.75880366161194
198 119 0.6098034130252216
58 6 101.76745364625378
195 165 347.41780075342365
48 19 373.361041189109
102 15 223.96980512880168
50 111 61.552552328598885
24 153 194.9182222033176
120 161 172.37851152088518
5 20 97.9574538710578
23 184 41.79403392856688
91 22 37.78701203654924
97 122 683.9783917063256
92 126 392.6075195712184
26 41 58.21929214615428
86 54 11.959341167868393
173 32 66.50781754175658
169 65 55.9032638197923
107 180 35.47392862880272
172 8 14.003065336862178
62 39 622.5751363196684
38 128 601.7337668425366
34 198 28.939372835512934
169 154 248.3751952006247
167 66 495.2703037430483
189 80 143.62147360364125
96 43 99.41758653250227
134 122 9.349219138018412
60 80 441.4457014654812
65 133 46.68877707500641
90 3 13.743412069832967
97 103 338.7663930120585
106 84 224.04858218543944
191 84 191.27920012636596
166 181 155.8807393466521
92 153 61.88714714588257
71 13 4.086815371633826
9 19 24.42120799174768
12 2 196.36893555256916
26 121 25.703296785066648
49 73 10.33081043475192
18 138 44.00835429458007
144 0 366.34359456727475
106 138 176.0093259002543
138 66 12.880601821823648
104 121 264.0262255846999
192 77 94.22439845397747
197 90 179.13089141117365
104 10 193.17124843879483
137 140 25.98065160649311
164 74 58.684051905770794
120 111 44.27270650626382
95 88 123.69945541270361
9 165 61.336767512848645
122 180 72.04414898370824
117 160 175.49078105106955
29 117 355.47300609652075
2 4 105.43170177500667
128 47 247.16155819812622
148 129 472.46415017251513
132 107 84.18567566243048
4 158 21.640793189243773
14 188 305.2810925078577
189 148 202.18199701046467
130 37 1.2578892889733972
144 23 3.267580326287668
170 28 13.38051531491471
196 90 168.26018872794054
95 37 118.24381573766334
5 147 418.1430713106994
70 98 80.30681013673828
145 84 115.98253774595197
41 197 152.3987706235261
96 27 153.12704082285723
124 157 455.0322949864911
58 132 121.34577168058667
15 173 356.0051670855698
136 128 414.6784392122779
47 37 263.42948612171915
31 161 60.673950590146916
127 13 10.824148261134187
185 125 476.14190632234835
50 66 78.64473712977907
16 8 256.66416304302294
147 54 410.67144621555275
179 82 155.67701831419473
29 12 2.0790960500974776
170 134 466.80090524971087
100 36 20.191409684600103
9 166 100.78952330297757
144 154 18.711555851739455
63 138 86.6530624174587
75 105 32.82841303282254
175 152 610.1362932162663
148 124 32.85957225856238
83 60 170.23796019851247
182 157 76.71643017142658
137 104 105.81795072073021
108 93 122.50476673536532
55 143 183.70225517312656
148 92 361.8564920900462
54 88 189.69481267758943
187 8 183.24541335198748
11 78 394.4086033529149
17 163 259.006600580576
187 108 309.04608689925965
115 138 488.7004109335486
193 157 140.08775792689977
195 69 15.499867060740929
83 174 24.777915890733063
150 28 11.937053338618222
69 136 454.8354345501159
61 142 277.705407065231
110 104 166.6639475980542
0 103 246.6765957862579
195 132 115.13390989260952
189 61 144.39604687391233
177 110 206.67842761613096
60 91 481.98887849377473
169 60 175.75752857025105
24 58 1.4554145502075377
198 172 122.35231913005676
153 160 38.09849816491294
186 185 15.267812108762916
71 33 429.92036402696147
140 44 63.86472942034427
40 60 286.25552860794875
88 11 270.3104446355984
77 70 234.6685844231289
78 22 33.0922861592962
122 80 127.1733463254632
121 136 225.36037219007557
130 17 212.6014527339215
182 197 72.74425098697833
138 145 181.11624962097557
184 66 839.6426591385407
53 167 50.463361265860065
122 141 83.84686896640319
119 106 98.01206171291605
152 158 125.58961599853073
94 139 347.82681347397084
98 110 2.296870289928812
112 162 319.71833719757063
96 195 246.27684232832436
101 133 138.36812325960446
20 163 296.5573939469238
162 193 122.10261029435631
156 86 260.318839895461
170 13 133.99697281872312
142 14 292.9158944757317
10 93 18.61006010072755
21 60 109.29607813288533
133 8 221.21654403224494
122 26 9.81640765003867
32 168 5.733462881656885
103 197 179.26396287544324
109 190 229.7987399153221
151 160 201.69024920984788
171 176 184.84423505365396
21 135 327.7916866627414
171 165 7.851478244065683
192 90 96.87156276947282
116 88 381.1695483366143
117 94 4.174767702160501
79 95 514.9601582887782
70 113 410.80153767771924
30 56 350.49749828410967
72 128 69.07513473525098
46 110 313.7812868648442
117 69 120.50029356517025
158 170 140.8966340148162
115 61 102.31885226906338
75 103 692.3057663682243
124 90 27.239857683528495
192 176 28.663508612940706
81 58 552.7130675630149
90 7 85.15663806768082
49 23 262.93104935975214
154 121 633.4005987995799
78 153 447.03510022543355
197 61 558.7150118343499
3 107 14.741063519895246
100 33 659.0273514055891
79 110 114.63758471197161
151 173 157.2901496238789
99 129 112.82583847421013
156 157 232.85410585057323
125 44 258.6553698259653
46 169 561.9868453697129
35 112 0.903768130534462
106 168 222.3752903986516
34 173 13.768094148296491
68 182 27.519239355977337
92 198 160.19631379630823
106 77 5.910848127842485
34 22 30.848944064342167
34 133 86.22485280532595
20 73 73.49091904367637
28 183 80.018837195297
76 14 50.94208639914538
81 121 36.48696765821079
138 129 56.74889990199921
79 117 55.75772184079123
134 36 76.41530754824602
165 174 19.566708253664252
5 65 43.155952810500025
110 88 114.71446905841354
119 9 110.99189047250148
181 133 11.697858847805618
156 54 376.88088131306426
120 24 112.22599808992624
56 185 542.6459086756358
186 9 160.20094146767119
53 107 67.6431850446337
89 66 185.37869536207538
162 3 162.31241303832266
5 48 118.89135393658623
199 53 26.136383783940886
123 41 36.78937137594715
73 85 40.59817341390898
172 93 83.77187488248038
100 94 75.62938847140678
10 121 68.7519169532788
79 199 136.25301233692377
102 90 118.6984550606265
41 11 36.61022074643749
129 4 33.6504671873559
51 86 152.09510404655094
86 62 70.26652563096972
79 72 43.888032733931084
53 169 55.97086594209445
195 26 157.59864786335433
56 169 95.89472443959266
145 174 157.73436223460084
124 54 6.897839885800281
104 92 62.34258955915438
46 67 745.122274848512
26 174 145.5569585043946
20 118 81.12759033891702
17 179 149.35758009410443
167 88 39.09699723236678
123 104 160.07964576940049
187 50 194.23293542047898
91 136 31.76809471690845
190 32 647.9806974154274
7 65 105.67473089588881
8 42 75.28256826063546
39 81 62.04041820977031
116 147 81.14409284843423
33 174 114.42673804856156
40 43 17.315671552210148
55 10 1.2091597486616632
125 85 545.7959837983675
28 152 170.86011935607732
112 77 15.944369959471624
62 100 29.53360948041615
170 12 659.2217112776024
35 176 224.81129429978043
82 167 97.43526299869187
41 164 16.494372843207397
81 21 89.62579302156287
181 8 500.69100704620746
11 146 313.26370062755456
130 141 217.63534260226928
195 23 403.96807169296534
78 108 120.35314732050308
139 43 63.851587088480585
62 87 54.00505796347359
69 111 471.29348898763334
100 193 303.9442236275288
182 76 5.837415693395791
38 179 474.36716568622944
103 199 51.231535180064235
100 13 593.847722306382
148 190 34.31330897532222
132 153 7.818427000449368
61 27 2.6565047774936175
183 120 43.25878646958664
62 187 94.25836953533344
69 131 377.3880965028056
10 146 205.92975977950792
0 181 302.30705972549845
161 103 81.21182285801645
32 188 143.09361550179548
97 62 132.7142050294621
159 178 79.25294492011218
50 199 437.0423784084519
80 129 54.9462320440315
97 184 72.62290122841831
61 44 152.5619409243243
127 198 144.29863136496311
105 110 89.97649309942234
138 7 54.39977694077709
38 134 216.772086260223
115 64 32.28395341257338
111 125 120.73336013820449
152 124 443.9672459281285
160 178 48.808446262426145
0 20 59.151492149037175
97 67 61.76884934874853
19 49 761.5733017512141
31 175 54.778964370346586
57 101 20.812967139790597
100 110 129.14499352187957
83 10 2.3560360670728553
44 158 101.63611393093059
37 105 130.97251157555857
150 35 360.2561724497713
13 178 518.6286308476626
95 148 20.110015888560753
134 56 117.0367325725397
13 56 12.443554897023766
45 189 577.2280434984725
66 16 156.799562390822
177 85 184.70967408627473
181 199 139.67039674662635
142 6 24.930601259463543
57 10 251.32357249870932
56 39 34.5110355798234
10 80 189.77931408986584
191 173 439.5819693787579
194 145 5.019097566553231
135 39 129.96485122438287
47 34 99.41346846179934
23 32 31.703693598414517
68 82 633.2091426346988
19 52 367.6787736580562
41 13 235.12760799317346
72 156 211.52906860664703
80 85 427.63935815582437
174 156 170.40899294949372
88 164 135.68262948629993
162 137 89.3722788217914
38 98 136.79787543417385
85 35 445.775341329449
58 85 399.91572270688846
20 52 343.8935356750149
149 17 1263.277946125564
89 8 142.8125599991745
56 45 75.65029003166649
125 157 181.3969806248802
80 59 67.68309178447909
187 183 64.08581714823477
35 47 88.79014837902221
72 67 31.740268614660593
138 16 591.0831631632988
136 104 273.5586225881774
124 172 145.75069952938816
141 189 63.788560886141774
62 111 8.697649267089618
114 58 9.559305626340334
133 100 244.63420584346375
45 121 136.6027898232932
113 116 99.0895206959839
133 123 346.6177623860188
79 181 216.147552870195
0 166 434.59046792764616
80 121 71.59900170134352
54 18 152.73479441254267
104 152 254.3271818199039
34 62 25.008465785359203
70 76 84.20439911534105
102 91 72.52621009854727
83 197 11.140576915684958
103 166 244.61720987937997
19 50 16.990420430948717
166 180 46.90849337586313
105 4 151.9567114920396
24 116 30.66450862372533
166 117 84.28227535394592
163 15 44.314223100430084
64 92 387.72234466198347
199 180 165.71748793465193
126 158 447.07856545221756
57 157 579.4331468236983
40 14 156.7151618967285
22 178 272.6503361346915
67 110 28.747881746972055
125 57 119.71297877164126
62 184 35.545794952528915
196 70 201.41977666091074
50 137 199.84621716772187
160 167 1.1190635382656606
29 102 0.4459242556131833
34 96 157.62369423793632
23 12 167.39849493781355
154 152 494.37356086195746
87 185 88.20299503119304
145 87 128.03410253671993
4 93 374.5373783599914
179 152 316.312016559012
158 87 255.15133077925523
17 151 70.19985639500676
87 110 617.8530122514582
158 134 223.59565184282565
70 138 0.3017866655969736
103 196 199.39420993806533
142 185 49.182581652793836
132 152 88.31321507166517
22 96 54.49941221426228
44 176 152.07749466165174
105 172 237.16848086032618
190 178 47.823603965661825
148 12 268.3478416823426
47 121 36.37834211515052
137 87 123.9866186538553
124 134 669.0440541522167
128 187 808.6991047710234
83 140 181.55174811047493
109 94 250.90701819329436
192 154 1013.5273947288707
101 9 106.6610890144739
84 178 5.097429243036115
167 56 202.40795314271662
168 34 395.67520400523455
106 70 127.6636189538934
167 170 5.731252127065481
24 88 79.35288241335795
122 32 93.63915995236299
116 13 366.4162315390047
16 0 281.0059373477806
98 115 11.846174218284023
90 155 37.9815281670823
0 148 347.1848771990518
1 184 378.2160169503767
63 116 360.8946031911096
110 184 70.38900768440129
35 146 243.02228036431376
34 46 58.74224589251891
29 7 377.51635382559414
112 50 178.35253029011676
122 25 44.86529796824401
150 7 109.03458795411854
183 123 403.72017814305605
147 162 64.60530701284885
60 6 118.71259022545833
177 54 82.55855765370612
76 83 172.32244472147175
98 0 206.34052561763437
25 13 387.8459231139387
164 63 312.11965968558644
70 123 322.94899011857405
69 7 229.3387532074155
94 98 85.9800455490019
94 58 30.200257308415473
154 187 69.96229910784325
165 107 116.70415810754109
44 11 288.9546493760127
12 95 607.5647202257735
87 42 393.55776658442227
62 153 39.163189881729046
45 26 258.84558614164513
100 30 165.74118669732093
68 170 81.87122506532157
174 134 190.14090491536902
78 12 108.26774480289241
165 187 33.35142695797446
43 29 506.9784431487507
118 192 137.410479801488
138 141 211.49335986268332
38 56 490.02075360002027
70 168 944.7089757504592
147 148 164.49528126281646
28 101 113.56789531677785
7 132 45.984668141810104
91 158 107.93428895749632
34 134 114.22929420808714
56 196 360.34817456945825
65 126 194.12468394016992
16 111 246.43383028205443
160 41 299.0897318440264
196 100 39.95966711125529
12 144 104.94712043472614
81 125 166.6288590255032
84 149 33.28819894130304
49 121 399.77767742538487
98 63 29.13991148208879
84 139 97.9177534448738
39 34 23.13741917193767
83 48 20.290683419992174
34 7 129.33720025833054
192 58 21.28015703077809
83 100 254.55783451327298
162 69 146.82932684878645
45 39 17.126254768589423
142 183 14.529204305717377
113 61 108.70014618675887
104 56 70.65419051390329
35 64 47.43152007439333
89 102 77.52306281990887
140 0 15.25121158910308
26 101 235.8314662926781
40 30 638.3710427257134
166 77 614.1781967752614
76 63 40.03706400936397
191 196 241.83857573335706
12 189 129.35563959456297
4 96 46.145181502069974
73 142 61.783079455719516
11 104 198.4660129961871
81 49 85.10606712522376
108 10 96.42431521686589
51 120 39.89751196573483
43 163 209.22383999736388
178 101 67.59992130530719
160 184 63.120429764685795
170 72 517.9225980787762
112 189 41.916901224828706
173 134 146.02800846206372
45 187 258.2139725868498
3 191 37.73388963002254
108 111 31.533703836612055
118 0 148.10152818720422
126 84 121.25845250805283
98 73 15.694752444759452
86 78 120.83467905582906
185 112 30.457879073793425
138 127 8.585707275676203
140 177 748.6726360398166
116 134 100.79580346517719
21 118 92.46238766876678
7 5 298.24330618101584
113 185 262.7635162176623
97 159 320.1134044618794
81 154 35.65591219447794
15 112 188.01883945279582
131 134 185.38130795951864
143 171 446.4399724016671
78 174 62.30940229638239
177 170 71.24398867901773
106 31 113.95937818349726
47 189 42.22037507527521
114 128 8.910077292137778
47 105 338.9332384879141
152 111 145.10630886649963
73 42 298.3230935458504
60 10 156.3961465951291
148 87 25.76121583800231
194 120 73.32410816870907
104 116 243.111961645324
99 139 103.04803527979318
71 84 14.163653467982263
24 143 238.3742237858551
158 45 218.67648019347158
4 68 109.14540458388925
173 152 331.02671914477475
199 120 99.98890036224581
17 181 32.5422158292555
129 8 352.81967310683615
110 96 173.00764910929328
125 24 146.69761514002985
41 31 624.5024116387824
194 70 66.84889831607978
192 57 48.23897729006853
126 133 1099.1727519390154
7 71 265.8754092996094
15 119 253.15708942161743
2 148 245.30631762855623
74 101 41.989989289257835
176 87 701.1590701478328
26 7 138.3832377196801
116 65 81.2228926897473
54 199 32.32709106019747
98 189 12.538016699745713
93 185 183.93619635372957
49 167 637.4079271189688
45 11 224.08156699839705
94 111 444.8929308432638
30 85 6.407758678715478
8 93 124.40886076527688
6 173 277.1898289056743
20 162 92.55983193458268
37 195 57.55026213993499
19 89 10.64481167287358
83 193 651.4864373419354
181 55 21.83008541576223
131 172 151.9438569890964
52 35 33.23232569118543
29 166 940.2977040914349
14 46 129.66163013977706
191 94 290.56972381723847
101 119 24.921701672979836
137 136 244.3363395480207
116 83 19.84229419033803
77 118 267.0622487838317
20 176 317.751896919987
10 118 854.9052777915983
172 45 126.53225722307442
126 181 41.93803491001676
35 191 48.76857373146149
51 88 450.00538984882263
79 190 11.77105777589366
37 15 27.40273823283831
80 166 21.30618054810896
175 64 51.22301973988925
74 6 88.77451716208735
156 130 29.74674543990584
34 147 30.48130595275589
67 58 117.95056611795873
119 67 244.30410408538927
185 192 28.68754523468548
130 94 20.454149551878402
20 31 83.39023600813898
25 36 465.4742505584186
34 166 127.15651477095776
169 198 0.34407682397815653
91 188 37.43070210826081
74 168 94.7291952603619
10 89 365.17223851367146
186 55 128.58362361449238
164 193 123.78655135432915
69 8 59.46087164666366
113 165 63.77987794546296
20 147 192.49160893429632
135 169 392.6802795017387
35 177 8.422192607077426
113 88 26.097637061596462
138 175 298.11538178612227
63 15 0.042933456572294706
198 166 147.07231794775427
194 184 137.6108418204239
155 49 207.65961142595887
161 169 305.88802107437357
61 17 739.5950610406844
122 117 377.33948769304544
154 110 163.33635095115727
36 169 112.40552130944077
140 66 58.471592115400696
37 169 61.142822854540015
139 56 97.47546173777815
150 30 125.06941476193883
1 100 671.6136469077309
109 101 209.56956907249267
106 71 261.8825364745829
78 13 113.85514889823438
33 190 432.64526767906625
15 155 296.230055271645
61 47 474.1388625454146
54 111 226.65205703810565
50 29 281.6100228165523
90 96 20.967175081789115
147 35 141.05940029397715
148 57 234.33997505960642
116 29 275.2955559471141
45 164 78.05387600174619
4 198 169.04596397318826
71 146 43.60889649154183
85 34 39.85156944486436
164 46 515.1127278596123
166 186 5.378932927928172
38 71 28.767829756256603
166 92 148.40700125378925
111 17 29.730661643746824
68 157 356.62477172638705
140 50 18.855612207703874
66 177 135.5515012179024
199 43 207.79663107172485
60 173 45.10922356675985
191 143 104.39037504832977
37 30 496.4284640793041
152 67 149.4517445848358
20 130 797.6578265514253
100 84 4.678764423566335
55 168 401.94913861835363
170 30 356.98475796235607
113 26 230.08694400294644
107 144 1216.235410653553
88 127 44.771647106062915
21 35 28.167769958249394
112 155 28.581859779643025
11 117 18.94911052354924
39 47 365.72521833445
39 184 179.7370222327389
43 172 344.2843081795673
22 87 208.1842208466679
174 158 57.62645503309539
183 152 307.91003018650747
132 75 7.876973313596471
155 89 334.62815368393757
166 32 221.69033574342035
157 168 140.71335137251563
78 34 32.14608520699671
15 150 11.271137371039146
151 93 143.3042342413828
93 146 375.65495961477933
172 106 291.800330305236
178 189 49.34035401789253
96 175 8.874520632259696
69 77 209.57814118637435
46 161 103.35933723334978
46 5 247.8521161793878
110 181 49.50776277863543
21 154 252.91488738857214
169 71 382.5864136346385
18 75 73.64759817451575
123 38 0.11397947478631903
142 166 410.51366913948726
121 67 377.76420683488664
46 83 96.9438127982374
175 24 186.641688855896
26 100 247.79702667000748
24 156 197.94246614501867
160 169 665.1667185477111
132 159 343.6744500003228
31 156 135.89285301093943
29 133 248.7277275446939
38 8 35.50697895248236
88 191 191.70460931224116
103 164 880.1782579823499
16 52 294.33057188595143
11 197 158.15472005865425
64 102 228.00219832477043
189 5 354.47699479695984
102 92 181.6840656542253
68 19 12.322088038328591
44 150 231.31695421705615
165 81 331.67399223412974
138 134 432.8951473703809
157 49 1.2720717998343545
66 43 116.05808298081809
139 51 152.5493729419195
171 34 8.349763819489874
178 28 70.18035013086276
118 129 153.67963478069845
6 117 214.17900598266635
122 149 318.15644424128976
95 17 86.20790632151066
36 110 172.49334038326737
113 141 241.60937594517816
154 27 84.56153637064486
145 150 164.53390488511118
46 1 64.1508420135872
28 132 56.43184412541727
155 141 143.42974116005794
101 8 142.16968907576415
184 111 239.69070697501397
98 151 247.22708746615157
147 88 54.30897028350119
11 190 168.2399385224501
13 195 537.9541937789589
33 129 86.35646920869948
104 131 375.39403493481547
115 9 80.04944865319494
199 16 925.1697639069662
6 73 162.8185480120258
78 109 78.66886215186739
3 10 179.7212859333084
89 139 256.7355790701415
183 103 211.76732226046306
90 78 160.19763569733837
0 121 8.058788603959165
187 127 33.597926845735095
170 121 89.28082568523088
181 163 22.30542712002772
22 24 432.6501859642368
160 14 425.3824099118677
22 83 205.62252464367344
176 92 27.975462233665176
113 129 66.4120918552681
53 133 50.42366935450355
196 37 171.02642859429886
170 123 25.492084045472108
12 121 379.36426216075125
14 104 238.77119575858455
143 47 174.0533930159535
151 195 34.55155434331625
171 26 361.9684491256667
14 77 159.5332387473738
96 83 274.93331917283547
60 146 114.14594826230669
136 29 7.163585437612184
147 196 19.15047318060762
52 135 444.15582523338594
188 2 168.26876863684356
117 137 215.3806965508152
34 83 2.142481499986907
94 103 192.59685673940498
123 54 467.70525577110595
57 182 222.60295831462295
94 190 103.01998665566923
57 122 108.06132310827236
54 163 668.1582871242975
185 169 24.09118629473463
148 102 163.0590445648264
83 6 89.69827126436478
104 134 84.45488131806125
39 111 101.01932080769677
156 162 79.33431880440219
23 30 653.7860444403941
157 186 4.779905360601887
12 69 17.51241723960687
30 74 64.67349885841358
174 121 279.029276949854
153 52 226.19000638206722
159 96 314.65359411604624
186 153 583.1675969792905
40 96 99.66197935523287
155 51 243.04945899911644
108 62 11.060708944362306
14 169 12.495957959173218
35 122 725.7055890641067
94 11 267.7506526727643
141 161 329.0540367207398
95 190 11.05408215412216
182 132 410.2556204764697
85 6 343.9438188073987
170 192 299.6936435298357
175 104 64.21347160394923
10.516372514253849 0.9381498944907911 1.5534389103449922 20.513709753814947 21.5963211596895 2.3069107758773395 15.569194272175157 10.038436906801769 10.17793800116644 12.262671460763876 11.894278935047986 4.065754674977305 17.77008838257283 19.268421060871002 36.8570592988784 25.10414670311414 3.5395556453336567 6.597049051692206 3.686702687489456 7.8613892876788105 10.183116552509839 0.4609080859244664 26.69892835030142 6.4299386487983 8.888192279701487 3.801532699728511 1.5814576219458027 17.346811476010465 3.640925311759337 11.254177610205415 19.788630567026683 6.212575131618763 8.047411469161524 6.8022449802408955 5.381223195627861 0.48533086302583395 7.038098169865213 9.641297595917305 4.622610407462566 1.5548482291729757 11.254100703403973 2.8573205192865467 23.012028081366577 14.69170546953129 5.024066194619007 9.63937661002609 0.11331244862123915 4.372109529290612 2.9600180322586644 26.364734477714148 31.99486911743953 1.769504409610424 0.20351370516547745 14.03518624855451 0.15985946765754408 9.232457728854147 11.186248461107581 20.79055908240165 0.9149162736399197 8.210981701744718 9.092111480511738 30.52930079155358 9.857244985317797 31.336133029475874 1.9975501413161645 20.967210557381467 17.7968522151405 1.780558550489 11.19440581965474 15.229592767544759 2.8817354148713257 9.854849290589877 9.834225570595825 16.04273931730119 10.74323373407034 1.9648693849698033 26.99381634288429 6.985497497629735 4.626007404584566 26.642579875753107 2.4520983090338127 13.434476935702772 0.984987542017266 6.006291428432409 1.66833045557268 1.1890369298694643 25.9558044396072 0.4018683634884017 2.76247514106453 17.55050701633656 2.223246622957133 4.75357647819525 8.835222915919994 19.45698803017863 9.103977472043418 11.711953418026855 4.338006859078488 7.187539057156354 2.508312243765971 10.210174700146197 14.203446008638776 5.972983042477855 2.3901640648392513 14.569374108388802 17.684904673557845 30.303385673536795 40.28965724141963 0.5486900220666808 6.276652704219995 33.21625825549106 2.2224441720665116 5.673191653380129 28.07987910573797 18.756396181185096 4.0199162451440955 8.773054441305753 6.4414313157654215 1.5671926618621181 16.591273069105444 2.467231387670219 3.329382326438811 18.668315326417876 13.64130847484444 3.670792249952424 1.946691123339903 9.46331071714675 7.920740388637407 2.804269220225674 14.665638250402955 4.3599334232437865 21.5790247084449 20.17659708197218 2.5805144084586313 2.003403717969359 0.021024686120257152 6.72587603404364 9.238480762143386 4.5770891285069135 11.982954468608407 12.84393886790318 24.903064185433163 3.5533910773786648 0.4702103298842974 14.979919346967414 5.465150410338305 11.466017593160856 4.786402921536298 2.5984856014509865 15.745497243879896 3.5664106415409225 0.8337806795975791 22.08295965255258 6.224694858144948 8.69520430610811 3.1695141548634536 4.044604641180998 15.594971884385556 44.52899802750005 15.654540819222431 74.01361727003162 5.408103742919922 19.46329288510912 7.346247482501459 5.945366565298115 21.570005713482846 14.255704208578921 9.43895383255288 3.529287657456353 3.899851985214036 15.308874275395185 0.8156295823658324 15.285536801575235 0.33038286962782837 2.8638708896361296 17.759874622673625 7.557474209168198 11.044853150540197 4.681759974343041 4.423268485099184 1.8890821882377484 23.287466670545555 2.6929182661159974 0.7002951051370215 17.857034285246854 8.612408795462654 0.49828031684397855 9.667738823109522 2.2958779869911665 10.960249143602795 3.363203232977246 7.651482484508949 0.34070917335147033 12.254747947342064 8.202402522033744 26.003312212932002 2.1723533553162637 19.366182870766565 4.396010287218749 3.7383731807887988 4.46908550315267
6
10
4 1 378.52273101763996
1 0 91.43271371624759
3 4 283.1831288195834
0 5 700.5987940137192
1 3 101.26806626975325
3 0 79.85773269731602
3 5 63.663313217156016
5 2 36.6890818627342
1 2 150.77012056509218
5 4 77.41586527954075
600 200 700 600 800 600
