300
3060
57 208 260.49735263261823
213 17 11.119561076429523
175 38 294.0378176011549
104 272 155.2002040996754
211 280 40.764239893821134
152 273 143.22335852511173
81 258 73.58820795600627
32 273 35.33711160864042
12 176 84.45409773306268
68 167 538.8632818221341
104 117 52.24826668458648
209 107 164.84467349376877
208 151 182.39975331484922
44 20 382.10368812365505
251 217 105.77466239185406
32 293 58.83451424243792
149 179 98.20242511138042
152 154 87.65116808287367
47 113 22.882522119760964
272 76 845.7807484388272
277 69 101.85196331225865
25 238 196.30586445194862
69 171 4.355212602238281
19 4 21.155027190693644
243 103 155.77030475313555
257 8 371.06305015406195
104 236 333.8036077198998
73 229 131.0991520743994
291 233 186.5924051383766
112 77 147.20771273492826
211 260 57.941864017687614
218 288 29.401125768689596
187 249 200.3748310390335
191 142 106.89307804405253
249 200 359.6685648330437
80 40 3.977701351032864
279 174 474.6697891987212
190 76 270.5543860748126
166 50 178.586523577154
225 195 16.37419833287579
237 12 58.92705247772879
218 42 154.52899489120875
288 254 17.706434737816757
144 3 17.844429452907338
247 164 266.3097579447704
98 152 195.71680451137553
187 241 11.955031359982149
181 277 69.28619690637238
254 115 24.107758498116407
118 274 368.7997457338528
186 18 617.2227677769123
296 288 160.5736904301574
80 235 154.7759312631481
102 28 508.26345098718815
36 17 199.01571127020205
129 97 23.878745709791385
205 33 226.67308700673527
28 116 168.34212359117643
299 56 434.41375654377305
289 93 635.8604491023964
168 7 30.777669965372784
285 275 31.65533706206044
204 261 15.28967879101646
115 58 41.9160612930874
31 7 120.48908672561258
294 15 183.75864971712343
142 76 569.8670599078604
11 226 209.42574069075715
146 229 555.1712165469501
189 160 32.189750499840954
249 113 12.63473294581772
46 71 259.94276071679866
92 16 523.8757968685245
42 108 165.48987342420725
158 30 197.45521722543552
276 138 0.8475019699454575
162 82 73.04574305972915
86 236 347.2760948499995
100 224 45.66022156773714
179 259 45.68589839969727
162 179 6.342607682970559
252 269 72.56390637177755
207 264 714.8095260088649
263 159 263.73829766613534
108 297 134.49623253401472
275 15 195.24710199750498
16 51 93.54410367612984
224 254 494.80635307146923
117 192 211.42449811374044
102 269 311.482488348146
243 227 196.77833534516174
262 18 592.242753148163
173 294 366.9018027679717
220 297 63.066191737650534
91 285 117.75408425718928
189 38 120.59812815251773
148 14 155.26215669160527
294 257 39.62203790748922
77 149 128.0211492670243
147 62 141.17816494379693
113 135 30.537711350029628
77 55 373.45210377318676
251 17 83.60853751047848
184 243 603.7050287065329
184 181 212.70551982152588
194 4 208.7642086424143
253 246 1.9548493577588744
285 282 339.99731451214484
128 157 117.46940801509108
284 11 31.88517955944054
285 173 1.494315386638739
77 203 250.49647283533955
119 189 311.14602202909174
253 263 45.627952491349966
151 209 141.6170707688196
254 136 24.47947189894895
19 217 186.91958804270658
108 223 1056.3197364999883
100 280 232.432135534273
263 228 162.77264680205823
75 83 2.9187276316215183
274 44 169.97500815985558
17 284 237.15420428031186
121 104 462.15392967500196
239 274 133.12018098271935
266 96 416.52534927624157
194 246 206.54420789013733
82 231 679.5800047017989
32 252 66.2357241371678
55 197 468.11440488085447
191 259 129.30914722211946
109 24 6.759367711710923
175 189 122.38347466524108
166 281 21.541547317843335
293 58 42.587805488183925
112 145 533.5993849974145
18 201 53.29763978304505
25 61 385.5793975799246
166 202 558.2839922093716
255 107 235.56627709932826
125 12 259.30606936816963
152 6 98.99611197978155
186 234 223.55679713014652
209 106 5.405636560039225
47 163 10.293161170775225
138 119 78.54958692087538
196 25 206.6676640895785
236 108 40.44628029571454
45 291 183.32085915426967
23 283 143.73889746239755
266 290 284.4987161948673
281 275 26.538565608540793
235 161 441.3996948383595
205 267 429.69933803606597
160 66 698.6995929297786
211 13 74.26325359388716
199 226 226.5384140893642
177 61 116.58262251197506
243 1 45.3442264251984
13 250 316.9975343637246
133 245 57.38150709341959
79 184 221.44413262680501
27 209 1008.7428136318458
16 268 308.05728906203547
220 246 205.92299197030349
95 124 31.208365925575443
9 263 517.141320317527
168 164 65.51103453821825
264 258 71.02818143679002
13 262 72.80671363744533
85 198 40.968299323660695
97 261 465.63985650439054
71 85 20.962772793218278
68 173 541.8447513515274
57 97 11.282521997174458
62 290 186.56959677250126
250 0 3.622076879840082
72 144 21.489108150877296
43 295 458.8285782054015
180 127 116.03690123914676
171 284 208.24851830206285
127 109 7.865247371313368
181 243 76.63353545345107
255 195 49.10434885924661
266 103 236.27952742188097
247 61 183.07950021054918
91 4 112.30638084962888
108 246 149.9540734020123
113 148 28.086815142173887
133 131 330.69281578572054
25 138 433.64884272253147
123 102 41.28548684840017
57 134 20.28250042787929
21 75 49.86422693731119
203 154 27.630996052191048
189 46 546.0069137992997
295 232 289.5357814967382
242 8 242.01532727313239
44 70 169.48672565131727
104 270 438.1110960627142
298 90 105.2793771823064
83 173 171.0191543353299
10 214 370.5456231212166
247 231 3.6194682334109545
42 137 164.70433607312094
139 85 753.1241596324274
296 265 1.750415096455851
220 290 249.07446588917557
101 145 247.32657589196018
277 62 241.26840629433306
168 185 221.06019180046226
253 12 67.78840845549237
293 135 61.679315220102794
16 38 272.1841242981781
281 144 38.964511742516045
42 254 36.765841322201524
79 168 177.42889218318285
243 262 65.46615096000814
212 291 308.61682891763445
101 182 78.5123899917182
68 262 264.741310747173
37 184 306.6973529164255
105 139 107.35027858115498
219 156 130.71165110526977
133 25 47.06485859895163
288 200 184.20367228345876
265 157 409.1964180809381
33 184 145.88272780907712
50 146 117.98098294742465
214 18 72.68528204292042
18 184 318.6509812114884
109 225 146.84985302631728
17 233 435.5311007918398
88 150 357.83347152192357
240 162 82.48151504845626
37 168 367.8463689050935
255 245 178.9742370654109
282 119 149.5846171427151
261 108 136.42549126491747
187 196 226.16060887134006
100 222 794.4544214922396
108 165 374.51054925644155
161 189 111.00056387016906
184 217 209.25042343728154
147 142 531.09441671367
152 159 302.7456797926285
230 81 146.219838213493
292 82 1.289894325878992
31 224 241.50437431959594
199 14 225.41277748501946
185 116 405.42590198477086
53 94 46.51644401276329
51 91 87.15038959514725
87 210 141.07134025208634
228 215 606.6616992490638
174 284 286.8140024268444
66 13 22.83915294846267
103 297 90.24506289309129
199 125 217.05246336099643
285 251 115.66488971628517
61 122 385.00342927452795
117 20 80.93789470079781
167 9 165.6200792100065
118 167 33.72910802897997
231 40 102.83910274514096
77 219 265.6152506970898
138 215 40.97170480130616
47 93 20.35465096240752
231 63 80.95412593672712
86 9 27.745926850799485
153 183 111.9575416698343
176 288 573.8278844432941
111 145 71.75909236343473
217 142 102.85832060335085
132 152 218.76646393834855
205 83 85.15519953115458
217 16 115.80185554652395
17 7 243.576865100888
146 249 558.4366965899296
140 41 40.96590809961895
2 56 17.040341952111916
137 40 1.4840961731006268
284 283 281.7468507825264
141 246 130.5900403744321
203 5 98.95534379690216
222 244 160.32371746099122
192 223 76.8676622683672
112 272 64.01689327212942
57 280 178.98864300969365
148 26 144.23140757316884
233 113 257.1195518509873
252 293 50.04300997194352
218 282 119.51505429772928
90 138 335.12967249884684
68 254 158.21934594481135
79 70 17.727179358628536
130 269 74.81878843536302
26 234 13.254084377023172
271 6 138.6215611271358
25 77 408.7454093801161
136 261 147.5309237189901
245 173 88.74199647162833
279 138 67.70283722977378
285 132 368.671079407325
72 106 64.8577356697665
274 74 240.33924708510818
95 64 183.08456443702127
270 62 52.016657156782095
288 239 152.7729934893967
104 107 151.37341320752637
229 63 19.426405035029383
286 50 408.24924264429586
175 19 9.611439110018086
8 122 77.74064378074051
101 160 328.0662889486905
283 243 134.51590739037113
274 242 247.5875338829991
60 196 143.38488541139878
5 65 643.5843922025521
128 201 303.77766843062153
107 186 125.53831494676915
232 107 186.48304643776896
263 209 42.11826470557584
148 299 354.362787376361
157 227 182.59180932700545
10 122 68.1946437698863
209 12 110.78191589645117
72 224 343.36632038421686
75 255 200.06696820196086
263 125 626.4553363184241
223 187 82.63073153497335
61 91 148.21055895023184
249 166 187.4400805226782
285 86 8.807357049461476
162 41 125.43226630382749
262 177 441.80944924792493
22 81 634.6018695813578
115 25 411.8686348352183
117 246 188.7634666382461
286 57 324.06337402064867
216 297 106.48722720149266
224 33 66.86232459468367
15 28 190.45628966933586
287 241 225.20691018196226
154 44 427.85788210579784
147 155 339.47526915159733
128 113 369.6928544889245
293 168 315.31762172469365
126 8 2.657168817369673
290 66 314.5945982058512
66 8 307.59916854162526
172 257 560.3622456288302
279 53 42.99818883377051
212 215 56.41949410112987
120 281 715.632362571559
208 15 33.562608503777426
239 260 22.873441483744685
147 129 62.13257720898664
247 130 6.611260216504779
188 257 43.30229589046105
166 113 170.5136504667661
38 92 951.2054939191247
212 189 20.715809202618942
0 164 171.4737369879949
3 156 65.27590906720012
216 278 32.97073547045139
197 117 512.3399648104524
223 238 505.61086965328315
89 149 54.32447939491909
178 293 366.58264827030837
171 179 6.8791224079657045
279 250 229.386290025671
106 197 54.85644034747441
205 240 403.21043264775585
105 97 712.8817484107519
88 248 50.31090762374103
184 127 71.13258516285696
202 256 472.40582558454
113 271 37.262386994558646
11 129 195.7705921422121
89 10 36.26724558606526
205 51 105.52994333775459
183 262 80.4807234996866
153 99 188.14312520879312
25 124 54.84980993601904
203 131 31.48741505861633
262 296 50.44131694155146
299 24 97.54273983669002
24 233 362.6820363396995
92 30 12.468273230572366
7 145 222.80718205455173
234 204 67.2793951000179
196 42 190.25017595693075
50 240 24.52337455168486
278 276 38.09033918746812
69 128 185.294436837703
126 77 25.308605011896184
266 196 209.2850415270985
237 229 589.2181422872858
173 21 26.409384304606974
218 255 398.54269535539225
216 72 334.43129731869
267 38 126.78487611097178
157 245 110.88211812656394
24 126 4.907146224422342
227 268 194.4172261131931
6 223 134.47037125291104
190 236 52.57023366805016
156 44 421.6517834479774
252 169 45.372347769572954
230 109 73.36350681183971
0 82 236.6854952259501
133 218 89.49899192072253
275 201 409.54236860403125
130 180 191.53429465344578
90 235 289.4096572537441
119 60 222.55805047005737
88 200 308.1855532483911
226 17 162.08704782766085
270 30 136.8070273179477
97 32 255.30863688454727
267 118 10.4789256455621
185 140 242.58959982138802
63 131 104.4060638097593
25 112 73.14788845450731
88 46 66.08373487956835
241 103 206.20201425530448
291 202 387.1467334948906
192 184 76.1585903210252
274 81 388.94613995092817
61 105 102.43229114135983
197 251 216.78479562234196
289 174 616.3007809374999
82 23 72.17310816822274
89 130 128.5100569684442
156 96 24.43545565189335
211 179 486.2522786489769
238 193 132.97601455843636
165 107 120.08780214472303
113 11 433.2239509409421
266 263 243.589342944854
64 34 184.33311330813947
1 15 40.236551173099194
112 217 317.439001620302
198 42 3.5053408292362587
112 224 26.266651504255623
203 216 109.95923621884589
8 88 348.17042843281246
26 146 73.3712636128543
213 228 28.351160307367074
42 209 257.77144108919924
251 198 305.8844579061732
211 1 55.62488886054042
141 272 22.80713248878455
21 205 183.98741418265612
140 230 56.29408819981286
133 175 314.6012544919115
15 69 213.58398937232107
38 100 132.37410326622265
64 162 54.34717327299639
230 35 110.54529242316735
116 183 218.82209833526028
234 80 302.9232379919818
105 220 102.64595639808887
181 33 184.12567791076305
254 207 242.1334220594599
92 274 40.26191689747333
120 184 59.79726692019768
161 91 13.396421632356038
198 171 683.2341531783169
44 290 167.46507002449212
47 205 16.879187598124144
136 10 328.24578420260985
92 282 72.67488583665023
76 102 61.483906232877274
235 142 238.6752046078802
213 92 211.97386045588976
250 200 207.57312786547152
95 89 99.61679564748978
64 232 47.93995078853641
180 138 535.75996659887
250 108 105.91794968415394
90 230 427.5967120155975
263 98 10.506894139622203
174 278 280.9861517626321
260 206 354.5052446504535
245 48 326.9739297431992
83 101 433.60099090825895
146 30 24.03063241088605
68 196 378.7156972017599
129 186 182.18269906871004
36 261 12.447427229647978
155 83 11.649369147194346
129 104 71.1901140824102
279 159 357.5212033491042
164 66 336.6274545678857
137 159 635.9177317547635
146 252 60.3707680970504
58 25 53.33701736788172
231 58 42.41039547390027
68 278 10.051600222923847
234 108 28.399983319567962
30 7 274.6477114580676
196 48 358.0761134060794
79 205 30.205962676588282
160 263 274.0857659308309
140 57 174.48087554282435
274 126 642.1670695347625
293 272 265.69710775244624
54 164 772.4645052305611
246 38 81.53109017485478
104 136 255.02036839689814
248 57 145.5778879136656
101 180 266.1415634473925
48 299 118.67183600864222
17 22 301.91261566779025
45 244 155.34964743582768
299 90 363.1692498600073
223 62 149.0591410262851
253 174 111.62713180377952
81 114 73.82549437138452
105 252 79.90227687555493
57 137 58.79737840004541
251 115 296.1195034500935
241 162 78.81282812477771
285 273 649.2381824184897
279 161 664.5617367217627
50 161 149.1708964363181
144 47 190.32660064898565
73 270 24.563096487470677
103 6 39.93648205935899
243 289 274.6493262878411
37 104 37.506445466738654
50 159 65.33772424082048
155 291 436.17791577018147
263 18 115.44829106290517
221 12 73.33917444384551
85 234 50.412925506733664
251 20 157.68348095946328
107 191 61.15719898384213
281 86 80.03686871581358
6 251 120.25124397916913
59 299 99.90937963548188
2 5 300.9762438123616
63 8 20.216235626291873
264 242 22.326443392579602
205 185 513.5164661233238
39 89 139.9262466866107
206 71 148.6571880176893
258 183 120.73149990942125
90 91 629.473852910779
54 170 373.63492839860487
95 46 65.75734518196936
49 173 77.29584840999316
56 15 47.057376989561774
191 23 89.66445391278745
148 0 133.3079789437223
45 242 68.8138308832822
115 35 307.7777262027378
40 286 25.69545624439285
71 253 134.02468976268196
175 106 69.96587556233888
57 215 185.60099777597705
258 88 686.5776048878333
74 84 103.63703175750652
198 266 60.68921512468609
164 263 89.94472340216898
56 0 70.63498936788008
27 143 115.29152639834986
266 94 372.3731974176287
259 195 55.60354324205091
294 246 170.06993280281785
256 135 232.93574326629445
182 126 387.2945006060127
3 28 65.82826781939161
105 190 42.726948677805716
186 216 137.32478535234304
13 103 559.2133105662978
55 237 558.8734811323553
192 279 134.3563543703934
14 129 47.27465309436488
7 76 44.686838215648294
162 114 46.757924229507516
35 23 174.13074275113897
87 161 174.02885652168754
257 63 745.6518812715979
113 130 64.16098620179478
96 229 152.27307061633852
122 42 555.9478487342608
206 227 217.4866754796632
254 12 177.4852742564467
46 148 312.8890406686824
66 6 228.834570901933
120 96 165.4230481229337
297 250 1068.7675643053187
215 281 33.23437632682823
160 79 186.13483332428822
108 283 1538.4476020869863
1 212 106.85365674684049
123 59 184.90655166730872
101 107 9.015082153804926
164 137 164.14179725722985
106 31 117.44481770968314
78 288 42.89399528323403
129 102 383.87360225783164
74 142 37.661320163257336
150 270 41.37954375749757
106 233 318.4751970068773
196 177 319.28782717544493
46 40 447.4901957920132
177 271 139.27437948581564
26 133 731.8069529980811
190 124 751.3130989601592
255 248 250.75173316167226
161 152 454.87766631793056
113 217 96.31253897407291
182 14 163.3980086561459
209 138 97.39761813426786
142 172 59.1774488454446
53 103 31.03580452040287
182 227 46.76468531487243
206 54 66.93026291306015
174 157 196.83161181665244
177 109 89.2051280288507
234 159 71.83983583626707
141 214 189.7582388595311
218 183 94.80529446587269
128 193 129.56095566849945
122 117 41.429858374925175
152 223 287.63524864475295
115 185 25.892073447875674
147 76 161.41515071474507
155 200 151.42698700062596
173 288 155.19042684258432
188 231 494.71905277736033
259 78 171.81684406433533
213 123 4.655124619668116
290 179 9.735677237666813
282 93 115.04312723112366
88 95 377.2373388621998
63 7 151.48788406939028
103 130 114.89798870758491
290 30 1224.0538753499222
95 23 35.08028596721578
185 108 26.59558384438867
291 100 105.89362835076315
151 261 215.23783166536506
33 95 26.1546708009928
226 275 122.23990248052463
199 228 72.6323640083834
106 64 202.47572916790025
185 273 368.202265379827
92 17 8.611340206483545
284 154 1.247902917558301
255 172 82.27825191596963
282 95 65.65618774749234
286 37 85.96431250141906
294 69 641.8739131632251
93 89 1101.2299157157695
193 195 232.07121801327827
138 167 17.969952879884328
235 56 117.08225140979935
263 131 370.13129361547357
205 64 15.142405299659115
159 272 535.378679741478
206 287 347.7547418447048
155 146 234.04913523442468
36 72 173.2580275797115
102 130 325.53355354541907
292 68 745.2417321323757
30 151 37.293347127874696
246 88 365.23101175885967
108 266 26.94191086080887
248 79 534.6105898655096
94 12 182.40713465799544
60 96 859.6408269020168
256 30 167.66296539963054
239 174 279.14780872425507
190 10 301.0220953996105
122 1 33.55204626238889
143 55 336.8866527945182
273 283 104.73886423764003
243 92 73.35685171052366
170 260 915.0252328868513
123 256 142.44337368009482
23 247 194.74646441602675
102 287 69.48090484112487
229 142 311.4108765821984
27 22 108.26986221875063
79 31 350.42749505290055
173 129 148.76646321224305
139 238 120.73381225982448
294 240 163.3619591282222
16 276 140.67834724536445
164 81 241.32879270520382
100 119 30.25130151419756
147 106 247.46272083004897
68 46 12.000326375844345
152 222 149.4264011381244
145 196 455.8481564575204
25 143 52.849411044430695
50 259 210.3373344720997
54 270 510.96437517480285
258 246 55.277307811963695
219 30 210.34870188209322
23 154 193.71388452180307
186 154 213.0479444625641
151 22 112.79696795426113
149 256 32.843528174134136
164 35 71.0191876509217
19 59 272.6714713502713
299 32 250.39958995005372
213 216 79.30576379848924
18 176 209.87000172109123
49 159 21.770712283124425
246 42 32.466402825184126
173 180 58.9900293489824
263 286 721.3987075753935
118 95 1.614921217179914
80 194 253.78214623693594
229 150 59.116580927977914
76 33 8.077073509103585
71 263 27.940387974302578
171 60 75.16548073639561
279 214 131.40818640872166
93 30 112.22224021889802
71 66 15.623253607190168
38 185 39.27422148337174
54 212 28.285947603832973
145 217 577.3801252784358
125 117 102.7602085749319
192 116 160.48072050065113
168 57 78.0731825087231
143 108 6.156334860005733
63 277 289.2592173086004
133 139 119.03249877082654
77 81 211.47938178839016
213 129 68.48609355767188
216 175 262.48337697064585
128 175 98.59139365851367
192 198 133.6742491528061
7 295 261.96740695030735
31 298 410.556506979466
45 284 211.79448777092472
213 240 431.1504798337383
108 202 126.86448364776237
98 86 293.88485636361094
6 206 95.77590265635413
191 140 229.7829419970677
50 96 166.82417069018598
97 24 620.8801001192992
10 91 26.965793340339122
137 214 18.064663468251297
118 235 408.45036757168185
59 113 231.08631910743037
64 6 11.58183290704077
49 154 248.3493010165211
275 293 325.00606433083675
234 116 232.96275413197915
19 296 336.9378168017346
2 1 52.84620163531759
120 72 6.339815366043669
167 40 56.25527765765656
177 189 46.01446085237296
173 296 448.68758502458473
94 166 533.150051871005
118 158 316.08065278933236
9 148 56.4576655802497
214 61 88.07109469136442
113 188 11.290240051800998
261 130 570.308309448841
21 55 654.3586124295432
23 130 16.830379751383074
11 50 485.2736866129733
0 113 212.54312880331346
72 271 344.6917607087829
293 124 123.42685606928812
278 295 348.79259792645865
15 277 186.64364525107015
277 222 87.44715320630105
195 109 341.7386515668976
245 211 379.1972303650982
6 201 86.34739039906924
113 74 353.6635612241888
20 241 433.896195787353
13 196 101.36482524219382
150 253 30.675260731356573
242 119 173.03595311938346
21 136 120.67208073177763
176 190 228.68070539098005
47 1 371.6912871676985
124 18 368.4742467504635
257 268 7.925676566193203
295 223 136.66800170605256
84 46 425.62689886469195
105 81 620.5532586870254
236 138 109.66070175632734
52 288 96.45833809628576
152 69 200.2087851421222
271 189 30.482823363700152
200 232 478.3239721482752
10 156 75.25718608125564
93 78 610.9796383759348
14 85 64.1569562340177
159 235 58.78061955523294
80 125 50.217273306449194
268 100 138.8047374323809
124 62 0.6361158265260711
92 189 473.2270174448132
239 100 298.7378170671041
236 126 103.98973483150571
174 292 383.2778484176989
165 223 1023.137347649096
190 22 178.19153264796608
169 240 172.7496212959195
139 229 136.49594432526973
209 232 169.85269440767462
87 124 334.3224792685991
116 189 4.097416717497823
28 22 700.797180610241
0 174 104.01970229200079
254 81 52.3831894011216
244 271 359.10505843295397
5 189 66.75720785589102
287 155 49.123959724989774
248 94 363.45268799105355
294 209 59.50347077143058
167 102 23.411360058036333
89 3 114.05727805234658
277 105 206.3201730122139
18 142 123.58452795086883
93 257 209.6502291162387
75 99 244.05502906062986
52 126 67.14808405212925
42 195 49.94063491693466
165 84 100.25680179172734
203 250 325.5270808504131
137 97 269.1916970024423
70 165 61.01193389393327
243 89 82.74491981859866
268 225 332.34446498689084
32 236 136.27935533856353
78 26 5.661573475398047
230 144 234.39124382115986
122 109 277.99308839535814
127 296 139.3161885040609
143 185 375.2109965071072
187 195 171.31733669472413
139 143 165.97408356036135
278 239 38.24772986366754
135 207 479.0657641232711
6 171 2.4752205486415373
52 255 35.37261819052646
157 103 5.226404746051444
221 108 61.334777711047906
278 30 99.86270066415351
96 109 220.0657467313818
91 292 111.28804423435244
112 293 369.7961443915467
170 245 102.66103422160397
287 208 224.61611953047642
104 208 43.667817482535405
132 281 209.37069033559163
70 103 153.25551741905696
197 239 302.77189019608835
135 294 307.90811669322125
224 244 23.59577719662211
250 196 61.40013591699661
261 187 237.6054503940818
54 62 482.6985838990939
163 91 226.02427390899226
107 248 535.2911038158286
122 159 57.11929284731709
62 48 197.48519275063597
205 35 54.82357879066326
159 47 259.6149595620081
41 252 705.7635430890712
184 183 108.93520580938403
56 206 65.70471563143398
102 238 190.43972752504197
291 224 106.52994683607832
265 221 223.8624522532947
228 212 322.6368325954458
241 125 18.48345049008176
204 123 285.53533731946686
7 32 434.41438498775653
117 232 115.43692702018573
71 51 111.92984056951938
52 214 1.0847000134211158
128 192 15.456694445127503
213 72 84.40759001945989
70 28 178.13825012905116
146 125 112.51116156158135
82 224 130.35475375540176
274 85 513.4986859389949
58 205 109.44194546052526
47 42 100.32116383412743
114 294 373.84678814691864
5 241 71.24456716082449
43 230 126.97739301491258
155 144 58.060746763546256
218 205 62.63263935658355
171 23 117.73115262086982
237 214 67.17821436055277
35 1 308.8472672619517
53 123 36.309079022008575
262 283 21.055758443027813
250 43 177.75051102066234
165 130 373.6333267055541
17 207 11.693280896216601
39 249 42.646504612446556
264 230 321.68058314072795
190 103 102.00410970070175
26 219 495.27354652431524
238 199 44.23233884846388
261 258 5.447653740966574
197 29 518.9654964589599
156 177 79.8320034093722
94 72 219.01275525996616
0 7 81.19697340555332
170 92 32.50609799235047
242 26 142.62557497781972
70 286 226.01703742541864
157 281 126.85203806050237
272 242 1.1198952347894016
79 116 54.14294324543476
41 31 10.503143726621222
236 12 73.79221250317164
84 299 634.6858603185092
260 77 447.8663311688856
69 58 334.99805801942694
159 252 132.7793803303951
238 32 17.954974364694703
132 268 68.01065069134258
23 293 671.587002804747
226 58 90.97358695289842
282 243 300.0854069698765
9 213 132.42057154969828
115 163 379.56189875811407
148 53 215.12081562154955
143 104 237.12355063978245
176 251 716.0438392445172
173 2 253.82961968853976
93 62 406.2679396079991
86 293 47.27655606742227
108 278 4.584511265073394
126 257 248.74090849650264
128 60 160.18387485282625
40 33 125.7380900053153
196 38 96.08925883044057
196 139 44.030430258331414
200 225 99.26598058067911
4 146 34.3019071234786
270 79 71.05118811623741
8 203 139.6324903335247
219 126 131.1933161540164
131 212 353.8123016746887
42 214 73.93024932255459
195 271 440.55545615706785
84 216 237.1250745208118
114 269 183.24575451238417
225 290 129.96767916783455
22 52 41.17316832826716
73 149 354.8138981707967
68 240 163.3413092047995
15 130 511.8945259313656
250 180 8.15687857440607
241 201 282.88476228778984
160 215 79.03952523859122
59 157 1.7592466003423697
7 107 275.13522067025
61 0 62.65548102624206
200 257 189.15675348814162
272 9 276.24082370164155
4 101 331.31954095360067
194 165 414.0003933625387
3 205 10.372808544079994
223 81 168.0481455850511
161 80 406.2315301849253
277 271 58.95478777759576
249 193 503.7511977400451
243 272 303.61136497487684
118 13 122.32768894072912
164 229 261.7570011389793
39 211 75.7325293020202
238 96 337.4239069629813
125 175 7.270085857808501
155 78 186.67691862481917
145 240 55.347813156318715
92 59 131.59748845605137
279 120 33.139398917065236
238 122 958.9915456061877
188 108 203.32474143804484
189 130 81.39700225981326
221 192 37.622518517487606
283 47 52.77519873369505
200 165 295.99191374742344
240 223 125.25927002419668
213 24 467.6117159026546
84 61 445.45819835927347
276 4 177.77107864684615
20 26 558.7273014571018
66 40 229.75362401028843
36 4 411.39022600428393
18 67 159.83322809880198
189 272 98.15102550219424
67 164 413.310568345935
194 222 5.81789015196603
193 197 54.564406179883754
140 80 51.68998994376077
109 9 156.86202213833292
3 152 119.7623784866903
151 294 268.4765309027059
197 150 123.91154413416476
276 47 1.1896331249682093
195 89 791.0642515488632
247 289 74.59284578077667
278 292 144.9398334301242
61 294 61.61541660434548
187 113 234.26017956129058
107 73 102.85841438898633
63 158 93.18082647413985
233 34 250.38306907572232
285 45 101.26231457532701
291 41 147.52188407581696
172 17 63.816276721077536
123 244 210.67248912798098
31 274 157.980802126666
39 168 36.4720816609482
171 248 13.321485309317849
47 46 56.88607883582183
204 247 167.3838775530793
159 106 290.102808612696
91 101 351.94927734981127
240 191 113.50861518277338
67 238 112.37419120468142
210 262 371.2647529716704
85 199 324.4868288614732
236 40 71.85214920782217
116 264 535.0191657924173
18 242 438.36568123216733
30 38 191.445211563834
285 10 109.64031256013038
64 133 79.3936269444686
103 144 603.6477685231483
180 21 264.05762488805794
277 267 142.36450765857117
132 105 252.4245929026533
25 178 224.8394065861827
290 261 30.58127583167767
180 191 27.33889929677803
171 203 233.23524109229504
57 284 529.4456986811028
85 27 218.31862068734597
154 241 89.34400256134245
41 51 488.42306284835024
250 70 393.31650109317275
293 17 127.7743618116865
244 243 36.18236635952311
102 186 591.7025440219995
214 134 52.228281728201154
259 285 7.921656672053618
125 22 203.00782866233692
204 181 14.537540728248544
101 71 36.9638669167909
174 189 535.1518588734093
299 175 34.561138195300245
85 208 143.31109737013483
286 167 145.1392262938397
68 170 158.58521367638326
294 65 135.5306463899163
285 269 15.97283117666598
61 288 32.77387838273368
40 283 45.846863183307
78 285 100.98681509895668
282 46 94.93080433956163
206 88 119.8222199890426
172 80 26.699057127753196
158 200 116.33206518040988
95 10 209.61063376419668
246 199 197.9712657990517
47 150 6.4948921179419745
212 125 334.9570516427932
167 41 139.83154450297522
60 126 0.6269015649079334
284 243 156.09176197998153
257 279 113.86220432889816
67 15 0.8839339182271277
252 260 118.86599004395313
68 137 104.94691763350446
275 87 393.3398907001479
296 54 131.1911473977989
192 277 56.78550315922549
148 1 86.50307014187915
18 236 110.88343476559008
139 24 51.01865439822454
120 198 25.180599152286874
210 67 663.7484706896337
93 219 152.22532990095013
83 277 139.90060850380235
158 213 41.93629139295806
117 6 154.1420920060409
111 30 35.19158505308164
31 172 14.16928342796796
246 144 20.331814632256787
287 129 34.76071214272497
287 254 579.1427217950592
6 202 135.7272986085286
136 178 312.2599179702455
119 147 259.8182947022044
224 116 185.68125306623466
294 9 111.97257297255567
242 15 27.131012790185714
93 75 765.8707032749542
196 40 3.09132603401512
105 245 59.85300983685219
271 54 306.4197571129901
173 244 13.03781118933439
168 259 208.19720846073318
64 136 1114.2013381321476
258 245 631.9611770865008
142 237 227.84210791801826
0 74 151.2876538529002
225 110 68.12954057373109
226 95 53.70548690408036
238 188 437.56591946691685
176 255 59.410982859644854
260 61 254.7809927267592
243 221 158.0336590735255
167 20 17.034908491171812
149 195 543.2285781651497
196 241 279.8916340276193
262 287 30.038490873875663
77 0 61.20503769572425
142 164 127.26974969324327
212 170 165.0097978409791
139 211 28.369099386084006
293 254 228.02137683766284
128 119 5.103016968577829
21 171 247.1423873494791
256 83 62.511008671719814
135 92 22.25036898731388
210 48 606.2327117983034
153 277 21.68932253576789
224 124 40.15695376865545
45 108 158.4009180382794
174 23 27.484788164521163
5 181 490.65337168768536
88 3 198.62147392351835
140 282 536.9203177766692
200 98 20.942626478025964
221 33 45.905552795023226
71 146 400.9953212000621
176 184 93.95646506116272
37 149 14.812251222916597
72 269 335.8310815126572
28 97 166.219721387699
33 77 919.819913609892
217 294 111.30055299229873
219 175 215.52672319855034
63 227 129.0178213158638
108 113 326.48244559028734
22 262 16.364218123914835
291 160 5.119712404926679
191 256 64.87578915700479
85 129 58.794716008538785
63 43 227.6243651012268
240 121 145.5922791362082
196 11 594.6930233172304
36 31 485.4176053340022
7 190 109.88666035697827
225 204 95.12086923695396
232 247 78.80585771537636
144 19 163.6908729149173
274 88 505.34915809628114
244 78 156.42044953511115
257 251 102.22074260065455
28 92 131.28035651321676
50 23 113.83372383167665
146 201 1.6014014418141203
87 190 153.3869976085994
228 42 162.68782023281602
78 135 386.4187417259414
291 4 143.8606086330721
234 201 62.058699138237316
54 165 47.52971132241595
106 262 76.97394865910273
65 290 35.42315087191897
114 17 95.21500328192964
133 242 806.5869837607968
42 52 181.61537145588696
102 208 462.12490984889223
294 140 205.00495846194568
207 231 32.53666980234966
45 193 98.60201537461299
87 285 219.53980981426872
249 206 200.8515911131446
158 135 302.14056703594594
114 37 77.80860717736977
151 89 18.931962812294305
94 88 72.6552281819175
274 73 170.34384146315656
264 193 17.590417578871698
32 141 94.68397650087553
215 120 109.58563886656589
219 250 167.90844991733584
263 277 111.82310886095033
187 280 64.35504895751296
82 104 64.2367216504249
81 72 200.58685967534743
86 252 29.873288120646897
267 217 141.16087495899612
114 127 99.73677820788133
263 102 320.5725518209281
8 93 92.50992151065502
243 13 7.686390502568812
202 143 218.34722052309797
99 279 105.07959030572876
68 78 316.4160421587641
72 33 198.79797706061913
251 3 197.36146619939052
54 290 79.48106172930837
218 54 204.00588953180807
90 212 66.01223299524871
95 12 103.68083707577844
279 77 39.06988671550348
261 278 184.55472093305775
160 157 6.873415979000459
257 124 365.90709653364735
220 49 13.001269017230449
285 228 45.04960521105279
38 270 133.576835275811
294 298 52.56957510478383
24 81 65.23157880194046
80 52 0.4186693349371596
132 247 62.8581017191254
200 161 248.50445766424073
295 124 179.28043042786788
207 212 10.99403048954163
100 54 58.775242002409
83 177 203.54242112434116
261 197 10.87017190352973
281 135 152.64813733078873
85 228 46.84884765417839
176 254 177.3066125683209
48 107 139.73717639888187
30 49 52.064058536385446
61 178 326.7243743221372
61 299 98.69475614058271
161 179 48.23609937328768
267 128 699.602021793915
126 26 269.29990657044056
206 251 434.45063128102373
63 80 329.0736531037056
287 52 142.35320871525252
257 31 283.6768562951917
73 32 405.8267032759929
71 157 206.92150045077824
257 269 535.2151634202145
218 13 132.44095984272536
224 226 483.1638352590641
53 263 130.33351733337804
120 135 816.7051465773915
84 38 93.40300153643545
187 139 145.30144346706325
238 233 133.3246899549095
105 260 430.61958000169193
237 219 57.19960131341296
130 8 310.7294957434907
162 177 168.66125133664124
292 146 17.009892041613092
200 227 18.259540850180304
292 93 58.06598460535809
9 66 262.57459617673044
209 251 310.820292648977
297 123 54.14489487327599
281 253 231.65555217916318
276 91 271.3843811834899
13 3 666.0132202126499
174 263 4.304199757641062
294 191 234.42661787156175
143 132 374.7058417995824
97 49 437.82740056317647
295 216 147.80131983809753
46 60 229.35522977924938
120 84 109.63854781975758
24 73 17.26478112016471
291 1 14.283162435941914
44 122 4.908862454057228
239 227 154.42858870538075
26 45 132.79183982946006
171 174 536.2480369203938
256 185 2.788934581026178
20 63 13.353543150909871
71 96 116.30128948577271
102 61 3.7704453032131715
67 163 154.69379405635522
26 158 166.68941850547253
80 81 72.27746576740502
116 114 495.72180886636846
93 205 67.97100594336189
123 208 142.98447536773313
247 266 33.80195337171876
224 26 121.23550902741485
267 143 159.41382172711286
101 199 122.68611268113077
286 75 116.9372471638628
28 208 23.191343372146836
252 71 291.13030589006513
115 150 266.2105930619837
138 132 21.172445742047753
51 160 560.1008972634992
258 207 55.25092060971845
99 81 342.7375065660655
72 52 20.473950841866724
48 225 119.20025747554884
3 56 165.7864887337462
24 48 13.550982411886764
280 98 37.772113924372164
34 19 264.2817905465333
200 286 197.0712592096693
200 202 214.3235460795757
243 40 559.1434070976086
229 69 136.02130937442413
134 114 87.97537891803935
89 236 223.89964767762382
11 151 122.72437535310354
133 293 11.282133637975342
231 44 181.4026215337327
220 79 559.5153458214037
273 56 355.5566228374602
126 37 75.24325854136609
132 286 633.71592230973
137 45 522.1266400766059
275 126 86.10642263814668
244 212 200.82115179520267
249 274 310.1795523255962
233 275 73.18249054662024
226 176 65.92164988632322
96 213 17.737506817116802
262 34 381.259391294903
206 114 447.3537427306863
208 199 93.15166735894555
60 0 12.866455053409851
53 154 271.7609901883294
136 266 207.81036285303367
266 168 313.181707228346
160 278 60.743791724656994
36 79 148.1742723117736
288 273 17.6921791564114
127 70 67.07717555352632
114 252 44.75057776477962
270 182 170.8632920959424
127 142 614.8090156073844
13 29 4.220615595321794
154 193 656.8191239850454
281 272 46.60725931591621
193 131 55.21031003085699
183 166 254.43442176010294
120 80 201.14318471997854
25 263 25.271059270997892
281 250 230.73703296993259
140 160 107.41065605654867
185 190 566.1721994852747
153 242 95.46205027629297
265 16 264.09511488923755
264 184 103.56922794215365
106 155 581.2352386210439
13 209 69.90325103293425
143 223 152.26504947919042
256 269 252.21848548919644
158 78 65.63080466893936
49 73 20.116884831494573
182 255 441.8402011395682
153 250 276.04295713677465
5 23 69.72956774196561
204 72 30.89895010857136
253 62 80.35639885814383
78 84 143.31545375769005
238 51 226.00894409576165
130 127 7.358081838808488
29 180 80.07998211688559
270 167 81.4874426667961
45 189 169.36762381821663
74 231 288.96634468835975
97 47 141.2728477756817
205 215 263.91834516805403
278 148 649.0158075013952
133 104 363.15843448507763
137 102 20.05404480450393
75 78 179.07155098388913
161 294 24.92081623322327
51 291 29.043948061801384
234 213 70.1819403081935
65 97 291.5325188233491
207 109 46.83478713983653
279 114 3.467376442537758
247 284 25.918111706027585
92 13 179.61057740896865
68 215 108.860944523675
143 244 70.35948494027947
105 263 70.27001485346021
124 175 56.34552952595312
120 227 129.05688846985305
15 7 285.94932117167804
86 138 36.08918826504406
164 87 601.4645160530857
74 183 72.02935027953585
12 105 173.91705804238185
146 170 34.504983413021506
283 194 17.99721029832651
38 125 22.069226482973324
104 292 136.79317741485355
2 235 74.93444533219777
65 218 245.40719831313308
118 292 140.8866634069912
291 81 41.399843125146724
2 199 538.7245448280271
287 286 129.86628018679147
187 62 130.80830236299815
148 5 80.96909970698196
142 13 374.57828982499086
73 219 400.0769084351153
66 29 3.322488086763952
183 209 423.9531956212254
123 290 318.03619493426385
141 254 117.78029158452392
235 227 7.086325869892099
56 47 264.0456537548523
8 220 568.5041232277272
48 219 87.80471834001747
7 16 48.591314664315064
67 169 141.84588407155786
17 99 46.54153970474074
291 32 335.3113577232142
120 114 12.008572621457942
137 227 35.679198349105434
32 145 80.95901185354857
63 276 65.09287912534239
22 66 119.54356813871763
144 204 147.31559632389911
84 166 32.06622766420171
217 24 82.84951613905082
232 149 41.98818841956016
129 29 149.9243878891073
155 15 43.20787394061561
51 8 350.9913078569003
95 57 130.16070232330873
275 67 145.8920267671164
135 46 302.2091143163137
22 47 177.67428063686546
50 61 300.3693422833834
57 244 45.125838872428325
89 37 63.91013624652301
280 103 202.14140878417425
199 141 46.88457312960584
194 81 85.00492877849423
134 7 152.7072351503205
119 8 37.84603632563947
8 41 262.16940978867825
211 244 886.6394361857054
284 175 292.3534738137917
261 2 450.3359164434591
72 69 1410.8822163449686
238 166 129.8447443410118
286 155 110.45865613622732
183 6 261.15667119822575
74 287 142.7348373984915
292 147 804.7802901485422
95 66 107.84737851539047
235 267 484.97289155571775
41 194 446.3282348609515
226 125 7.577603090141569
206 208 267.6202077217242
256 134 87.32614973605718
104 207 300.4428704883825
99 94 78.42492836748141
121 77 508.07042620130653
226 88 152.91150545896338
231 238 5.42577089390847
46 243 97.67570139747072
20 209 436.18659715043844
283 163 316.486059464665
220 275 100.57611291961221
89 48 6.521977907098465
277 74 8.64080897760267
78 199 40.33442366985408
228 15 365.01553347490136
183 142 246.40351807518024
214 188 4.441407665993709
253 220 1046.5244126568477
291 179 298.5943229469572
197 85 158.06869105513834
173 272 73.08435933916134
194 137 107.46118110761196
237 194 25.811038678619752
148 12 70.96226490654264
34 81 21.846153400825216
261 236 12.904689369058131
35 289 408.83904189392393
162 100 86.43862392554698
85 289 101.21411983028388
149 231 537.3096055895269
95 279 397.8589605655583
120 207 192.25579278553573
119 187 214.1660888114519
40 188 230.48061619579278
47 140 287.30442150865497
251 103 173.36354265160912
13 156 55.48570703257557
79 252 81.71446073906927
35 290 109.7914771571582
77 36 124.90826309320025
73 132 272.93631243653374
47 64 28.022026310813143
280 153 516.401358293516
24 182 190.30377668484576
294 5 86.06334475132357
17 55 149.98668370153754
47 143 86.25976426641216
41 89 201.25572399101918
180 142 163.04245356578718
250 142 416.83917983800774
40 277 14.600053479291347
41 277 48.151863233409124
169 158 395.36530023525074
268 138 4.411620432344487
290 230 16.202011279572286
209 203 436.4305953928339
201 129 253.3150577480821
92 89 84.75419356996116
238 95 35.36759651106271
259 6 9.248928443660951
114 188 12.157434606029096
122 278 57.83838850213387
267 178 4.765315870761906
170 41 64.10088208289295
24 249 11.673992641208045
247 43 639.3929959386037
259 226 302.75264980872277
142 276 229.9570052140692
158 97 372.32424874530193
207 205 145.81538949554317
98 97 236.32720360995424
185 219 53.34030470194676
279 6 103.43835641888622
241 141 81.54363678417053
193 166 1010.0095809084024
233 122 282.95525388097565
34 257 33.78027910319483
246 74 25.278187320850705
298 79 11.171678050570275
6 239 230.85684818859974
233 88 97.7055832047503
145 50 120.44722858750137
257 234 210.76104264364866
134 262 579.3023678393652
11 13 126.84958170482241
205 112 336.8254796388455
280 119 42.74766112630384
114 107 73.6093569990596
195 46 185.83699554178057
135 137 113.5946528028025
47 264 712.1201382924742
54 66 738.9820730653774
237 27 114.09735620904988
297 191 31.5278179809716
64 243 137.2141881321896
260 19 20.258427891541476
6 41 261.3366616004606
290 269 461.9498663800234
131 81 313.78590671985455
58 201 83.37950649577391
273 225 246.27691405187483
96 268 143.33999389486152
73 123 411.3710386734544
204 77 309.4156825457078
269 191 252.40487854962726
115 208 108.83938805389097
59 76 15.248220178492785
153 142 51.4476731926648
216 269 267.53741027560756
278 242 244.6239122757523
120 297 4.286988501307672
18 294 25.398299187202994
202 153 227.52294238211283
100 295 100.58980452047062
233 95 46.00185047387402
81 244 424.33608560153766
164 140 943.8922035351867
38 1 114.07122413277816
67 25 349.41743942763566
14 293 127.91465817763601
132 261 23.902264162893093
287 50 16.575328761526148
212 139 37.12804926797582
162 260 352.9865335215459
238 93 635.4910911041962
284 59 62.31596983132057
193 250 216.8117301529221
107 28 118.93958679807434
75 19 276.7964299058009
95 119 38.653151637696226
248 250 21.13727210774197
137 115 633.8463037107742
114 60 303.8049638035779
198 88 27.497588261276796
175 31 119.06109049069231
188 223 103.4867089205899
98 14 60.33807595504243
180 91 258.2620069164342
33 276 25.07153675670019
159 181 60.15597101538663
167 42 149.98838057194362
292 119 122.31933334508254
26 46 189.8916303019148
133 168 45.75678685633281
138 139 186.08691742502913
292 100 1.4597795968876848
139 109 160.51404668383756
16 123 114.83078661768727
297 79 5.878458263390529
257 164 97.9959616056014
258 2 45.75295999466927
29 224 67.35186932274247
182 211 544.9489096571419
218 41 387.0763935644356
220 133 96.11893221838926
73 129 34.22572376733528
67 165 124.4661549073719
149 250 14.195051815961609
288 31 240.34636092899663
158 209 104.97383883330029
251 126 193.86888089985445
175 40 62.16436144957317
40 87 950.418371575761
215 211 177.49502177034572
282 185 401.4243649303167
251 60 99.65465116958703
107 62 468.4385049560318
70 192 181.25788490717255
203 62 400.86718108201546
25 89 484.00510039526444
146 268 101.57888248021428
86 27 709.9933159892133
289 33 19.67748767930572
59 240 21.116865434428473
265 99 118.96860004127457
257 184 175.72341865160197
85 48 37.59495464896042
119 185 6.685010860218959
258 96 269.2872892324189
219 280 3.2953521279744504
251 109 105.88854866973661
25 163 361.70920272545794
255 206 66.91701494893208
152 271 558.5379833135203
153 132 165.27960121193456
95 94 328.32949380299027
275 242 39.386279008829845
199 160 397.36390741979403
55 247 305.70105654886277
97 295 327.8645390907894
215 268 123.78503334314883
125 240 403.58915423194014
254 1 188.6257519241359
258 141 18.10206887077987
279 85 56.49264637570891
185 120 152.50870890610165
40 181 3.7527687347053194
277 216 517.0449716615935
298 224 29.774148431086385
79 99 105.00242048244957
279 37 132.33267765096448
291 43 519.7953786520229
56 255 466.4202681571613
68 181 2.6425233760717424
298 27 450.11057834520756
29 291 57.69390799902536
268 47 26.474352014545282
272 123 161.88760917668003
217 177 114.9918413862937
73 146 303.500720060825
9 32 31.16580911248672
233 52 94.32436728851769
72 174 315.41157641905335
132 181 30.61995444215666
287 76 132.61764943292732
296 14 1.68571533107012
177 247 324.5938773797685
56 176 19.216379907215533
78 296 196.0844217377947
224 220 76.50604842877267
174 195 61.08962912131175
278 273 91.60655550496236
255 71 3.734099159596918
45 258 336.53206717894506
30 70 581.5870759048119
33 169 113.25792258768853
217 256 25.202499899629505
248 163 579.1024350326071
255 82 103.12410511650695
59 177 367.4786310799002
110 123 203.75900964976364
39 96 172.25233156236442
163 15 124.61651261928881
238 88 385.79596453462307
163 204 762.7172083137771
137 189 8.45407899001054
141 263 24.954247155904476
144 42 25.38999203285127
194 185 115.3825108701002
62 137 9.845535482121043
101 134 412.86438163634836
86 4 222.46479008424797
130 174 207.8007705845086
32 244 154.55774440245986
61 26 165.18117885207946
132 298 71.53845246399597
117 185 83.67213719062204
5 7 3.5819547742399322
33 255 751.5304736805077
285 129 74.28324708477298
174 270 155.72332766995333
0 229 52.39637219090809
293 72 239.89390092004976
210 138 5.067317340791049
26 287 469.4865973490045
63 40 20.215252087860122
10 267 628.4506503630568
296 224 1112.233136708274
256 21 7.68174127420734
111 246 234.42172652124472
270 194 91.9148178193345
25 147 246.76525943936457
226 49 85.29952515945548
202 231 229.47446508460666
46 168 726.2903507186489
39 78 284.3928290650938
151 202 4.47429070765359
207 165 13.385866022202766
275 258 10.066396106396484
194 169 447.34328589971267
271 103 229.34530110178179
112 211 44.534815678994676
223 135 326.1861121089102
56 113 5.277139447640116
229 120 259.7470587977269
135 240 696.8610759833041
54 200 77.82125554834975
136 143 1461.036118637361
206 178 2.549074369450636
74 56 113.64201874141402
94 58 565.6679629140286
218 184 445.9561677849427
283 215 81.78236754829905
0 42 62.686246955876044
236 239 178.53810533428236
254 23 10.501904951386555
8 195 155.117103054388
227 219 504.2862094375263
125 249 273.72941240642706
89 67 543.5297934782635
150 116 452.9527882070337
92 40 165.7604780366565
7 254 85.8558978056917
114 255 69.21882785862505
82 58 365.7188649283318
169 51 298.1051329073567
170 188 248.22953419066525
292 182 130.723230084243
37 147 21.40559827171526
193 104 554.8890943804993
8 142 206.52194608292044
105 192 209.00529231717445
247 152 266.6292178995797
42 253 7.10161000380093
191 46 157.66079807533742
251 255 296.3721826947048
72 283 825.9416740047719
215 69 216.70680382535514
13 173 153.6645045477873
70 287 299.32380293111936
139 279 370.144225938757
56 120 713.9621019961248
107 275 64.90909145071664
257 58 354.62761312902757
25 171 758.8315919440047
173 185 89.68342036595959
34 287 21.298949162779927
297 97 39.3981629343889
193 28 371.94890882393736
87 195 138.61759352876928
132 146 129.50580076086555
115 18 40.53420614899371
179 170 116.91392304554746
134 219 239.07174484943175
60 88 52.16058146351593
289 213 112.22037930427122
73 97 30.95305255284963
239 38 54.39165269046854
46 223 97.1803808629184
47 55 207.474536517773
138 197 198.78824674259104
39 272 58.281288050658496
194 276 699.3963767238122
74 46 442.66899721343754
51 6 20.951796543616542
209 99 478.102233156015
120 154 191.09402878129907
248 134 552.2663823954819
173 212 144.88114949904391
56 44 43.07681741858241
163 224 81.002327544595
254 113 8.984257389498413
147 63 416.6205748767745
290 236 87.24610512472051
274 134 103.29045756755389
266 242 88.77729361145916
287 167 36.919846475120906
150 86 17.112458848918575
61 276 495.4807160982862
41 145 1032.8515104106573
184 193 527.2722214450007
196 109 520.8861012944468
114 119 26.384597575294023
28 24 122.5832127015843
45 16 12.715692843303389
72 261 683.5669171620295
65 6 113.5512051806048
107 24 126.17286911215066
21 72 152.90293620546095
73 187 76.29603728848626
134 236 116.8330337101327
187 177 112.7591694256763
155 110 21.17415623832441
244 297 373.4870291860944
122 189 146.5133905359619
37 7 29.5010123838696
40 280 17.020858952626178
212 180 75.92250036580714
167 126 612.6968347927764
30 24 220.63002708439194
51 119 234.49557676942763
88 118 200.3872509432376
283 81 169.06732215303722
277 172 145.0889848235204
29 60 48.55027582877128
202 188 618.0242223860256
198 18 232.2944215085145
116 46 653.0825629066014
152 235 361.29505770920105
156 40 689.3621653303659
58 100 43.547153568394165
93 28 169.1699040580713
59 267 342.8967682964204
196 227 39.11751515209748
295 6 179.3867629805622
143 4 473.7417876482357
248 289 489.4722316068261
64 245 92.59979729582409
104 244 251.14495706865978
294 162 32.462471311876264
260 80 28.889728766525717
244 128 29.3797053331195
212 127 186.1278335543062
116 140 320.3399941836147
176 58 0.7476726022224538
208 49 159.85787692128014
131 13 326.8241301204543
149 265 34.363596848930285
265 214 48.848678397433055
26 149 295.6805424153421
299 33 28.667835852489798
71 97 26.441910960176386
241 224 182.23028810992164
38 247 138.69240815264052
90 29 256.231688111351
286 146 239.69936506003987
155 280 154.8847158807912
60 193 225.46896287101214
40 287 333.0067268734709
254 294 106.7855573642341
124 182 3.246370623847565
63 294 175.19712010713002
203 264 193.9819364801581
129 8 85.92318383544796
253 247 245.48173569504743
58 171 144.40908556151498
261 106 109.69556276148289
217 266 252.67394908551495
277 43 230.54512109947584
252 4 129.87332559873045
184 8 283.1426871352129
182 52 14.12393781865284
159 71 208.98819377588592
217 110 4.304930061788508
138 199 221.47857453612284
279 7 3.7421218094677333
160 249 229.11068204724234
213 68 20.950739377480744
175 95 232.85191725002133
52 109 8.824390533728522
267 55 12.19365775768973
276 108 347.66937183773786
221 19 201.7340695170513
213 35 333.3463806739767
83 293 14.815042650037174
181 36 46.84120416874381
75 133 325.15689589079756
120 107 324.0013986780341
185 264 3.8023312673848704
45 139 457.5531412825458
159 117 70.35570779493968
146 161 153.595997974515
126 114 31.410956075576795
224 210 13.921182440326675
204 99 114.76007649634532
114 174 258.6064873661295
140 36 483.1948646931361
288 113 29.98616458463541
34 128 191.45989484019066
283 49 503.33323056653774
186 153 305.0604859577907
88 172 48.4565665509838
86 204 14.455754070953668
70 253 68.59612431939685
226 229 78.54594443774383
89 112 438.2885752835179
240 122 295.25985773758384
113 116 77.97402224587621
75 52 195.56305409734819
152 10 21.266652147999487
265 2 239.16715898700852
158 48 196.79978078676646
115 24 205.27710620217445
286 77 428.1412211838522
178 235 139.02646769373519
131 242 18.471223620702347
75 294 435.06663681635604
84 86 393.0846193310447
119 101 245.06365248287406
161 88 86.54565448668873
259 57 638.010354513676
51 5 85.43901665897842
138 208 81.89977843824101
156 289 498.4541284859082
61 9 117.09922424743407
220 89 369.63321922390946
209 165 32.05514368830614
230 126 233.3133455633655
177 267 339.1455690868719
298 240 515.8859071200826
227 34 180.7521466587384
46 1 154.12907679354493
70 151 195.18311713901429
34 38 6.8672777831882
264 176 144.16768161204638
107 15 307.2572742205426
283 252 814.940039437273
13 234 5.227138863186312
276 182 155.87395759765232
88 154 105.73337320170009
154 89 177.4606855271516
11 288 203.14781798459447
125 91 52.44644534662783
61 98 287.819102385032
12 92 199.60161712482292
147 35 874.458635257764
225 282 336.07616659940487
140 115 52.21832460168465
277 175 142.05756400798631
133 221 384.3979128111462
278 146 153.45760400556307
249 224 56.637444339166464
249 299 62.047728870918974
93 285 1050.3507480297671
114 195 98.747012294428
148 37 130.07953800621797
248 212 97.91850848614277
51 65 265.6692630679735
58 136 331.649977880094
277 189 121.32177629846072
298 108 72.80923786786587
95 3 342.327131663175
143 168 914.1383791364723
251 40 226.75086842809895
213 11 251.220522089725
167 218 149.5716880485267
152 84 39.624230530790406
148 68 686.030712744084
147 127 76.36739896600835
94 23 75.65640290969048
288 48 15.989363855770739
276 246 127.59969779743821
201 179 171.31174943431157
194 135 292.64941019107704
121 218 158.3617193167436
211 80 78.08631096671957
154 146 74.37036938916607
183 95 71.98142361624576
106 291 305.16544571383196
57 196 1.533673578056618
36 218 651.1734951366581
45 126 196.78285153362026
252 279 46.635814980786904
262 43 14.395373140533927
173 247 114.68910661379448
272 152 68.89844849538413
276 251 40.4236604774199
246 131 195.66535651213616
35 54 190.32672056853397
153 10 274.659032761277
64 93 345.0800811715462
69 220 59.994571609520634
10 41 244.03381309055345
194 71 49.15174624396863
258 238 9.54396124509142
254 153 75.08672594860275
96 28 426.76971807882404
223 164 99.34078455208433
298 247 77.88406649418812
180 236 44.37969494288503
13 9 321.80472515860424
82 72 80.42899863772261
183 239 157.88608578783337
177 138 1.1234025802595542
32 212 62.192938231961136
214 171 449.08333720668736
93 149 168.59198186950374
276 289 54.69442838908611
120 212 55.038902291994496
284 108 29.91452798765206
264 265 205.89266502143596
146 280 70.30598830631202
298 192 325.5617699691107
188 86 338.9690934926881
233 83 109.33683955895302
39 111 34.00106131417034
80 146 3.435876922187243
190 252 18.936751619896892
55 32 431.33954131861606
189 115 197.0775836169707
222 33 565.7305484086256
171 224 40.82945924518247
70 88 266.56021453489365
123 51 202.66291875543283
209 108 9.36739554621018
190 175 53.86824003650976
109 215 248.9145528408116
13 205 61.54390001694405
285 240 33.81985369013697
198 298 287.50959385364416
47 37 120.13678664289407
292 122 240.11302742880565
142 21 163.5482553682047
71 292 47.213319978223254
291 136 15.448356983220924
88 166 158.88598735826196
44 240 277.8094075777302
33 249 105.29150698035924
200 291 85.02385812252055
54 266 171.77314572110063
129 194 99.27811918681128
19 79 211.73550575954567
174 290 960.1520202379189
35 44 272.86282611519124
163 104 455.83666721825955
150 153 216.1334235842147
116 276 5.640216962032506
192 245 255.47237246627597
40 238 83.62277254202316
190 93 0.3441159211864388
265 268 285.6951873312447
256 261 448.21141815760683
87 37 117.0392381533777
21 109 0.755582130895255
127 217 16.096223981438584
257 61 596.755147865062
76 6 37.228211668586525
19 10 483.9222692354677
296 169 424.4422412024431
296 206 35.431793019851895
267 211 262.6917964049369
153 182 29.577790037678348
204 42 15.922440908036032
73 69 52.69021615439132
46 34 76.09322440899065
10 283 501.0940713033738
83 255 74.12883601507043
229 62 58.612355758049304
125 73 362.5773376450246
94 280 105.95218015899155
220 18 97.82874419455605
81 284 508.4636896954772
203 150 83.63814958030078
206 213 77.91659134530553
246 102 11.903398972757435
202 73 15.585014305304831
76 29 545.7088965018486
166 198 399.42420608224285
114 298 52.307726226781185
53 160 144.23522315881903
3 263 10.407034151364892
276 269 82.35232904156402
212 94 116.73644830352603
216 73 16.293890179913923
76 120 164.40327956071758
249 203 126.53599545082123
290 282 568.4299237523807
110 287 114.27023384314003
171 92 26.07021093356024
241 36 195.3484685578328
37 298 282.5607447182944
259 290 296.29295217880644
247 45 226.57867348351846
249 100 26.11663893234017
90 126 134.82420976284996
44 232 100.42210151388808
219 118 54.69061186036035
18 273 41.38151735592157
88 24 202.52012118889877
229 158 336.7318079900063
257 17 356.12702130188615
219 282 155.31759019059018
27 18 773.913738042434
23 144 16.1419745401734
80 72 139.34469421261596
31 179 191.1017974758965
133 227 5.260705575938904
167 262 108.23170458606741
252 151 433.61509305343316
29 245 24.580044921662978
202 207 52.34249738554661
206 98 57.79825819462623
53 63 17.81904703941854
181 280 217.80051168756523
183 141 45.99607601556548
292 295 78.10334783896165
78 196 568.5322886508233
249 45 243.05989124511856
198 154 33.37014975210989
299 130 333.73194817250334
11 191 303.98935888265925
235 293 79.13871787362183
23 116 402.9077611650932
70 229 4.537408856855321
250 46 241.87474339973315
285 211 16.92867548553426
71 164 133.99499055768345
299 107 39.4016478498624
226 62 77.09586677917426
21 122 26.70470425020095
77 280 349.9960567415728
228 198 182.3706324104026
37 159 30.38321151797778
68 227 111.67808383277644
112 187 387.74077793078044
246 49 138.75660927545692
157 161 119.48219012073682
199 172 152.8582237998522
100 156 2.5547441435540623
178 262 127.27959958540967
151 83 153.42658744689706
10 17 69.8618045724076
216 32 470.25260778181115
265 25 86.45623752527942
181 261 415.200040122524
9 25 14.507574965435028
253 223 202.54307734526643
119 156 42.439015746791156
210 69 105.57427020471482
111 124 20.851201345318646
253 258 142.67268681700392
245 123 151.66238752045453
237 2 467.74337319636095
160 36 512.4336732426134
52 190 64.32406755443449
251 51 60.24149766504212
237 40 17.57698330659779
266 84 134.36160000827655
297 68 125.42324030781995
110 226 562.2578737119647
80 55 343.79373985497125
256 13 383.1502971736103
67 233 78.61567061485324
100 241 222.05529571190553
41 61 475.3697063477839
85 0 250.5399809776216
278 275 170.99926294885344
64 124 66.64075461925411
287 131 119.04690105328066
264 147 393.1719366622054
244 19 492.79072351858895
288 126 109.36393627044068
258 181 213.83607390429478
159 215 235.57709046037579
278 285 150.0738091043491
17 58 184.39072330598466
186 114 135.0303602248661
24 192 335.2828833480015
179 202 181.7927492809648
53 88 88.20602871962382
94 153 240.2820475726763
280 132 128.9254819316589
294 288 185.91231933835797
168 25 236.25474077877664
173 171 122.49824693769422
180 161 82.27353018564685
148 185 500.1559461803352
120 165 213.20586606710782
172 154 1.1490123833185675
230 79 22.624787407189814
251 232 317.4146371925768
5 0 590.9248773133369
27 67 101.22771892446106
183 56 525.8696547972658
111 278 86.02812891557801
213 183 284.51129660053
92 154 23.2352815109832
173 153 316.5923677683674
168 160 0.6837687144152653
249 21 88.9936745113399
228 239 220.64737613875914
289 212 194.8024909258264
261 179 105.09839539089583
91 57 120.08584297956067
84 109 39.77217912297504
170 178 36.652991849799534
275 46 94.59342716298242
59 74 90.6343803819467
43 61 81.18208845104226
262 160 98.97027644695486
299 52 345.75292300687266
43 278 58.57764590910016
15 181 290.02260129528133
180 160 42.512112168643434
187 75 1403.2540172931456
292 116 22.847140415186843
115 0 127.10778602440016
1 88 221.8572181512807
19 214 132.05889067278306
252 184 39.34166337692205
55 173 19.40005466335647
278 36 244.19750375874037
53 284 122.36885840094507
122 3 42.60610201206422
173 266 18.397223606999965
28 124 76.76849959723839
28 45 267.40614365242294
215 225 170.68047714683146
170 238 185.76555675248616
188 128 244.46404591849733
125 89 111.26099361767639
70 35 7.505528998156917
80 210 98.70124865661583
297 152 367.44213712669085
38 52 67.98711110505026
265 131 233.15802833906307
211 106 180.90543126437763
169 278 103.92902992261963
37 214 324.4334600100528
195 140 43.65063942740561
71 171 24.2715578715226
49 169 126.90309295301059
84 205 107.27884500619322
47 20 89.13939916948011
124 187 49.66690188726672
86 116 123.75751240480355
168 239 346.27281149794567
296 279 81.48076656202878
297 116 125.43451044746901
279 164 18.07643893255794
107 98 272.91798319317246
106 122 429.60632686363914
231 84 117.49600572034086
163 62 203.74828927937
196 63 88.17220387585333
128 39 310.69560149867675
248 52 78.72560857067475
229 210 1131.723761841614
202 159 115.00760693184336
187 123 190.1247647861026
282 229 347.5163941801211
173 29 193.13675411722303
68 187 792.8308268106196
121 2 306.7116730240001
281 4 795.4977104349139
182 208 73.78442544140121
182 238 69.44779253910922
73 85 64.1552122752088
273 2 338.762318438376
130 248 466.74319396031285
40 240 46.21815074156244
176 14 877.8546408318284
143 250 177.51760394706025
147 24 2.8229365081114026
120 71 13.577485434563465
283 232 102.75528148565272
189 126 54.49166133410199
122 224 23.824886865359503
295 84 140.09074208746551
238 127 246.6361210648844
263 208 237.36121201595654
109 216 143.04817133204105
80 24 136.94875335117948
42 50 97.48355951334383
272 166 6.57149772048731
121 100 36.36899275502814
3 279 52.48051655437078
187 267 249.4177518733983
82 168 295.95063499836795
263 23 509.6884115787829
290 218 299.8481855526886
18 58 262.4965827000635
261 248 860.4954942538554
143 195 16.645748303354395
267 132 50.39587202611432
27 173 296.681750632321
131 184 23.16700175107843
288 150 52.721899772791204
244 181 94.28167377636456
279 210 36.468026230524806
257 75 19.31669167849038
205 23 298.88051917307854
241 157 22.85758191609266
254 13 24.067954660676495
88 91 41.77835695971985
99 278 446.59692606496577
1 155 64.59966460207765
265 180 22.149609356258114
190 212 41.03289866258163
91 119 25.991007116053133
118 282 158.0460010332656
230 19 90.86669802113234
238 295 548.8887090981882
154 276 77.9807193074531
253 126 450.2381629862847
104 55 263.04552890537735
238 239 201.98688634613683
234 134 281.52810664493535
184 291 67.40235722043406
218 275 90.50046062189048
16 179 48.04072939598416
193 237 159.32491714330217
279 160 1144.6620875099363
207 31 387.1869947268868
81 197 164.5749095257078
54 115 0.24510682357551744
0 128 356.1267572400233
19 60 454.9360734697842
97 153 94.03998438301278
62 192 348.4265292315841
55 182 303.95947149602176
167 4 473.54631150409114
204 91 59.205214776204485
196 72 233.53731142734722
70 108 47.341780999708774
147 295 287.65062332148494
34 151 304.5473503064306
200 11 527.1359808519752
83 30 214.4801988547242
19 282 20.168044004296902
236 112 27.28771272780171
96 215 182.79061830754335
69 283 32.32464502307212
265 239 124.60362875617122
251 172 233.43308134248727
169 40 182.65674041340185
120 192 42.65731599709549
293 99 428.28312832937206
31 182 290.18409696133943
262 103 228.1532656175501
65 219 73.16150581060097
281 31 100.65991170048105
299 298 239.7148110633122
64 196 222.15636217677493
102 7 108.4154211309593
130 212 255.2284876274518
240 238 258.5361987699133
259 48 357.0014487244816
240 164 337.64100582008325
269 228 27.37513130831034
190 148 170.17261050794588
106 99 468.5179893829665
50 199 57.02561527732678
104 234 95.95442775562229
15 264 134.04996871642425
46 273 36.294860540114215
47 290 124.80101772353413
245 81 592.2799270628882
224 87 3.4903196046095877
77 243 112.4525860416047
140 270 1134.4706350432305
183 115 127.56495118399268
193 71 28.844435005234402
83 79 58.97265955834609
247 191 355.21920212442456
180 128 1049.457039422841
176 188 150.8200384512144
43 226 511.4426671736715
116 182 405.5076321237405
289 101 390.6233640382106
0 151 132.95402656118424
98 65 111.22775884677043
131 37 39.78889762283218
17 151 197.97678015812537
160 83 177.73362022334612
33 290 20.096019764506654
159 92 190.90302185498075
156 106 107.69940112038027
167 119 187.21566373161556
216 41 341.29889762039755
272 287 228.02436908990114
277 239 122.34641665177833
108 82 55.40792221975249
203 222 64.98779455161103
72 156 490.25646474161596
37 88 282.7416475479675
272 259 244.6960548318538
294 211 14.342156170344303
114 272 31.500020719687022
258 138 325.8080554238771
255 125 65.240929970289
101 293 181.11542518396476
25 170 24.866701208802642
59 94 208.7291386413067
219 155 176.2479456998691
275 109 309.06758684877235
62 119 36.22992584913888
44 159 159.14497629642503
89 216 81.3983960697285
45 296 304.38985959206894
285 161 159.72924282681367
1 154 168.07220954064692
196 143 289.75874020216696
25 17 40.69937879046812
220 222 50.150881219117935
258 111 183.42675927416255
170 4 108.4308919078256
232 220 85.01804529531576
223 125 52.09234961811854
110 57 267.0374606021932
111 20 107.47469856306375
75 233 130.7917783311531
213 93 44.825720289449286
202 5 223.4568257331995
269 189 19.1666109200514
80 204 560.3019669561761
267 114 160.74759062865436
197 210 20.30178749127534
195 31 853.0559228078683
105 84 312.55374074206674
89 137 335.88708635626773
45 253 103.96461597292345
94 66 102.21273134987021
269 217 503.27823225458525
235 127 25.393126123671095
100 165 120.07823516481626
128 143 572.348017115179
77 195 38.49519981704856
50 271 229.04714646346744
239 99 396.8757979227344
296 298 403.9479499385742
171 291 74.64946482824675
55 59 121.25091622175744
66 187 22.614728180888164
82 207 135.34635469224315
129 40 248.82133170457953
65 221 131.89496842145428
76 271 223.2600453131071
212 229 108.3268797093359
106 185 19.019173079567995
87 140 26.09667318687368
162 36 271.99457722819454
105 26 179.6580399482204
67 110 308.02319304901783
238 52 89.72244548974201
255 10 268.3149431586293
285 99 109.36444963434057
96 47 366.06528631510116
43 210 20.750129098488795
189 96 136.89159109217846
264 143 291.03923232024795
34 14 43.534559965477996
1 250 230.74136083253282
253 160 64.23818335155647
280 127 101.28356357093872
202 275 149.7404464596965
215 16 543.7695716454277
281 259 10.70081346036515
192 249 64.94834378839433
207 45 83.27249496136066
76 166 276.17895540088546
155 256 608.195219927822
26 285 106.44489185577008
273 94 131.36103714358345
87 102 231.599914971588
6 160 331.03832857245453
241 2 416.8976024997023
175 238 393.31680705228587
226 208 266.2099434609279
43 257 123.64127693936717
184 49 161.9650160966064
81 27 38.15031241249954
296 251 24.23804458910634
260 3 40.907345575500656
185 240 770.5058686852358
283 52 689.8549635035203
270 52 55.92784804047416
244 206 14.134419235272766
282 180 22.71487038461005
28 125 80.56249143573562
60 77 61.636333739792946
124 115 5.913100871987275
1 92 48.876403498006226
16 44 251.26580980248286
153 165 104.52928426822159
115 262 120.46429313517721
219 129 432.8375276691648
258 218 18.558763837379395
208 195 190.6199723464334
171 260 1.9279029461257253
257 263 510.67629454031544
268 292 398.60755326455717
40 158 35.07001576411548
12 232 390.8902788091036
33 128 231.37682715140593
227 29 323.9085090550202
193 251 181.86258260539208
218 233 16.122963992351828
92 201 189.55307607077646
211 180 105.34312225639775
196 50 68.66356609982192
248 230 425.0585427815665
126 268 658.2706816911183
289 125 35.058059418450895
154 183 865.9673249744274
116 121 419.70744714147423
110 2 253.8960489984488
65 94 58.726187428006085
96 207 70.35275031240172
115 179 48.45713724753056
130 205 191.0980244917634
235 151 286.01445577292714
58 75 26.73359247389208
34 89 408.7975557392792
127 186 42.78566987016734
258 205 274.1096611417554
13 275 172.6025934549256
78 106 201.15157302341217
9 8 90.80881226486672
285 18 189.50335859004633
227 75 217.0354815729703
34 133 389.4480315116751
47 126 21.690322971282782
219 186 47.03179073286288
255 28 21.732183491824685
130 37 51.76712596823093
163 222 418.101033512713
68 2 116.72197903935135
148 94 514.2157523917571
125 143 480.4192495111053
48 21 163.92391810901427
252 239 58.74812394709442
180 19 269.02609019349376
186 206 142.34270762735005
144 225 328.5601681779122
264 41 114.60238238322572
258 160 171.15216535243002
250 28 112.58748692429566
94 76 353.12173411651474
159 144 191.1677306937555
65 285 137.6227447705737
145 60 50.536067202517984
134 8 83.39398066985233
141 121 191.32636189023344
135 75 155.15030631813116
202 111 94.56022085550451
224 73 76.1358091418787
61 205 20.42805642486003
2 174 548.0043703305284
109 38 58.15392138698539
161 234 21.073865275283087
113 257 219.00660698680943
266 199 201.21110931059536
295 120 315.9176727201316
297 8 49.86301733342571
294 238 235.1625208827572
272 133 351.0444379040689
44 283 55.67237924920872
52 105 407.18613175985814
189 206 46.02078574321628
162 32 431.46863811408326
3 188 263.3177800025735
231 230 295.6689765008635
8 132 278.51655196900253
165 51 39.45375236643209
125 282 88.1360935350222
170 147 133.6055735404004
12 155 27.179407260627908
267 162 215.3268523671116
234 251 378.9562316861064
257 128 210.33905438072918
91 50 172.9354448511801
64 36 249.25379259670217
69 127 189.85307382727106
1 288 19.447287061805923
69 142 242.91753973357987
288 73 379.1875609578673
228 74 151.37217832857115
241 221 199.34951918747757
87 260 41.01545465698197
239 232 89.57148727852898
69 160 177.85639102302554
238 9 44.43348278657478
165 10 54.903484620920736
222 177 52.35371004353435
170 234 180.65151249522768
32 248 104.98768010330659
37 81 63.18185563564164
291 294 527.9530199800348
11 111 47.524944251223445
69 26 208.48641955732595
264 55 233.9360838022516
216 158 191.95600154482935
220 237 201.2002703012334
35 123 233.67198399475782
32 188 5.039348386169769
30 25 139.31936514682167
296 282 82.95408780656194
137 230 15.767409373074795
219 80 100.52601780296608
119 251 63.77214593975143
63 181 257.8086069715099
233 60 250.30068183049258
263 107 344.54718632345276
262 215 37.86293944384257
229 108 484.7807467810974
255 154 122.11224112105461
161 37 334.61804472805255
54 183 98.00811844246805
104 171 270.8535568160054
258 154 748.3477339051723
137 155 168.33021636210864
55 240 193.91293113974484
40 117 364.8002351904909
64 175 19.70603985266679
168 22 105.6899636983864
186 172 690.9364791754937
191 194 195.32845032914358
28 10 224.6271452877266
184 180 155.9365819736453
88 247 160.31797885403506
170 223 698.4253688261343
138 284 201.43828633065394
152 156 19.723531658068275
68 130 239.0290327237222
32 211 271.4495079356359
65 53 185.22842276752127
68 178 124.32234426913871
92 134 370.6818217589601
240 218 362.6165264712007
232 297 73.35127233216966
248 190 79.03835806017108
190 180 270.28341127412625
255 135 119.6059854391227
103 57 294.69730231610407
240 266 99.16810112379243
270 97 874.9689448197046
244 109 59.66418911548621
189 226 10.188197294331575
264 129 362.48313980688465
207 93 92.78500068275851
198 172 372.6837431907592
183 273 63.442594530719134
274 276 210.7452821509123
177 258 7.321224809222632
280 80 52.5285087419382
129 58 121.57960101152807
129 235 152.6202755730092
177 143 858.8344988998576
9 285 179.57861477939022
131 71 250.7123259285462
197 215 353.4607336823012
59 244 7.293464507171142
262 202 76.3086459490214
153 74 40.32398371827565
31 296 415.120742064725
247 33 814.7948661498232
289 192 21.09272071939592
221 233 192.92481620213627
98 271 220.95284194049367
249 129 119.96166445040824
242 187 56.27310017033748
242 224 295.0948589830618
188 35 462.1213166293984
207 107 35.68104402956251
296 297 320.0894729681967
86 191 234.32895970311608
270 277 169.087819752283
19 245 408.1545922790421
147 201 84.56673258750934
67 126 8.488283615009863
71 163 240.61958174179335
64 32 279.51734875120593
239 163 185.69937096148112
215 298 402.6740944974546
55 287 161.20349021741697
155 139 185.67178521515976
79 207 32.57975634536403
263 33 345.80179328657766
160 161 108.70611616042822
224 74 282.33983233791236
274 179 105.84521444290095
35 237 62.641966828337345
89 114 36.09465801165276
83 67 109.02186273235455
243 119 229.16424688722006
139 198 88.00850813528255
25 209 75.99895199407776
227 160 48.84609264905658
217 64 12.325819536451267
237 175 359.4605952450647
288 222 174.13246589332906
205 72 7.004684713290897
181 176 140.37403645245607
56 72 568.6989774589942
103 10 537.2206065673054
202 233 192.8426051786721
169 177 129.57806695831607
206 175 126.73137280749529
126 136 125.00775933343814
50 295 469.70980823712154
230 157 128.781149895682
253 53 34.48205279902962
86 190 238.6682727500352
272 154 11.560006567452415
276 107 44.07473306397812
268 201 32.45130277516728
224 193 219.34324671660198
116 252 326.7171973675652
38 61 182.40854206214573
121 283 36.96688148729665
160 251 205.90951102584518
294 139 120.34822160425615
51 232 23.75324413787066
158 160 49.29776868408036
231 282 55.68769705033706
1 191 107.73646504374055
223 198 181.32049304997005
77 64 358.4904992200304
250 276 5.629614666691636
51 294 156.251484795751
62 281 261.2944333396576
290 23 112.24090748218052
170 69 31.471776497221
250 38 19.880549553677106
167 129 268.135181640213
146 107 138.6743316071116
169 288 15.866581992151357
46 209 367.37459048259655
155 180 658.8099454477866
194 10 472.53084829332875
5 274 14.19144590855496
211 177 417.00245997116366
221 93 563.5968725415331
165 5 65.04278152082628
136 36 112.7547822057553
57 230 461.25318866078055
50 239 103.09888412481459
27 146 190.75755131895423
42 2 112.7824157228008
228 52 128.4635275962722
242 259 336.74495019236235
265 188 136.58261225115592
285 174 40.892272153426084
4 202 93.7929745274412
291 266 369.65133441369693
19 223 878.2373491651252
125 9 205.7922738618869
125 75 241.89186553184078
161 5 139.302206145384
45 87 108.54989481662159
9 244 139.81097339360474
128 97 291.62112476592296
233 18 3.013011089358773
239 2 127.52445553743574
278 63 418.3882465608267
136 206 112.02684234506796
135 291 190.67804069718787
152 186 326.631985569736
205 262 18.498514375425263
13 83 864.7805446199973
32 137 86.05921420716192
272 195 49.10543787626489
258 255 496.02839273565127
296 207 14.79659592626272
244 258 63.672807713144394
242 112 276.59491718979683
250 278 409.45359041949825
55 89 131.67885713357995
222 279 881.2239888540544
257 192 173.84898095098842
0 215 362.5637997121528
291 207 125.96228583179865
217 231 922.8768063953396
134 56 204.29896810586737
162 234 133.8532030760947
204 3 49.75306097183134
255 283 53.64463029507842
260 187 110.63612978108014
81 205 181.87949336070383
28 138 261.3483577599722
74 247 175.30715477196836
235 254 325.13220480029787
123 130 329.66787176454056
136 241 37.81990008057916
129 291 7.034819163499042
143 109 130.32452726363883
50 54 220.33579177960002
233 265 194.61362256283394
250 284 43.223599076516564
136 28 114.77396568629284
120 254 17.816851682414523
130 93 210.77822520962863
264 180 60.35397258514151
278 97 293.92220479271754
97 88 5.496697422143737
52 213 180.9112772771859
75 199 75.35754721781939
261 265 245.4265180017391
221 37 34.94706434344897
297 285 99.37406182202349
209 62 196.13781399073733
25 57 36.57268628473751
112 101 862.3160143070317
218 28 375.4349218661627
292 275 58.90043422773365
157 82 113.78922570233352
111 125 13.172499393260972
272 229 280.14078517441544
118 55 241.99171639365704
159 282 156.13293838597454
248 225 24.38059952973521
161 99 24.62272720344622
102 232 2.4572604177010664
96 217 717.7867996177965
217 6 912.7705308971242
11 138 726.554392594007
50 191 120.60699242818119
46 214 107.03082473256825
38 70 17.264118954903402
44 260 14.140363467667669
45 85 75.79220040586925
28 123 396.5397854529997
278 3 141.98175077634602
81 217 383.50410646778016
249 86 334.66759373241297
216 48 390.42416206177404
242 106 29.478467128267766
7 138 199.53435945694008
220 44 88.35120212787842
196 222 592.0471367912655
157 167 204.33890147527438
177 270 211.61439459322366
52 247 336.66453319382447
248 235 261.3890371447477
98 207 173.32728631008027
242 294 16.60539968191406
116 220 271.908274213897
140 31 2.2068724766872783
47 278 129.69552707148685
170 36 87.36415900464317
48 16 84.87150038149093
93 233 141.95551683512844
237 65 478.8020838673055
295 24 43.951814349312485
227 222 144.84808737870551
167 237 502.41524161442186
79 295 64.56830008322673
211 214 24.429743391588758
179 275 925.8388380263827
147 230 171.26148290710665
66 205 22.0521027929939
268 15 120.7804239110931
107 65 179.20672399150433
292 289 26.384674432135142
239 298 810.2625591387186
76 138 113.7059610143897
244 49 294.66867484911177
149 15 935.7728779130572
116 8 2.683331626870865
66 82 297.6072893564349
287 213 37.38119137791683
66 146 15.153599942326318
253 184 203.22277740116098
102 107 124.15872028056557
12 144 857.4707874914295
237 168 301.817280973197
190 134 523.3464068381196
235 163 37.764042474550806
34 230 79.07797599707241
65 240 73.59775677097686
73 142 51.087562207375925
105 171 35.21575661225886
111 68 133.86572315870552
90 177 343.91014489210187
160 48 415.72847753320684
184 227 283.59900461830523
51 60 20.985920970999217
104 248 26.158053744379046
267 68 140.84195985908502
201 237 368.3595443179053
55 93 60.306598817264266
240 177 381.0169075086045
263 206 136.38241432439605
78 180 15.98904346310443
139 274 694.3483858559615
103 169 60.65634769717364
80 108 3.7000903847475417
13 270 466.2575432650943
12 242 320.0543326520238
115 218 97.0149650776464
196 91 593.1707348984895
245 222 90.56777579991326
133 208 73.41038785795314
252 149 187.1730720558584
86 242 233.36014067111157
84 177 6.975293988275719
90 191 212.33692547425437
0 184 290.3709147810529
254 77 187.11623233654308
181 46 139.12981088682216
57 24 11.240929076782125
167 214 61.31547268768149
188 61 41.52123951729013
217 130 171.132785836692
139 61 392.1181634807464
34 206 481.088538614679
152 263 244.00180017485567
143 209 322.47993309944604
6 145 53.09273854319485
236 242 126.46184815557464
277 279 46.42199508787305
4 77 74.11153072130682
163 279 334.59577806329037
16 95 76.67526856617424
171 76 203.81668305117097
181 194 244.71371970356145
35 58 447.58922458840215
100 262 146.4813999742802
72 158 17.002062056205492
250 234 112.32069446038923
22 89 8.603267615250175
115 281 445.5047178595118
143 197 702.2504902403479
186 63 50.5707257749743
261 34 29.584970365448083
267 93 231.065552902769
133 157 191.99921953505165
201 299 508.61956714008227
204 141 11.19271946256231
12 151 13.325572552859228
13 89 376.5264676878128
221 181 198.22411718994297
253 213 4.230943979461849
273 236 300.9194062441097
112 172 15.771817720583616
148 98 245.66840916149343
263 182 71.8919121850616
271 293 10.047243533922485
158 60 68.86653329336632
248 48 166.14279642862445
181 6 110.1461948363534
172 253 196.82925684993344
201 112 228.7787792393006
9 178 583.5388847563247
66 78 98.67065440563347
63 204 47.68592339090469
222 110 322.8458043748588
81 296 51.60464935296534
20 215 418.9271328488164
177 291 208.41591853564148
25 203 441.30549492779727
154 158 48.69133051092515
220 90 6.612563939782209
190 199 67.52481455526885
255 91 233.76127757433017
11 131 15.960749338292846
230 194 229.29582041439852
90 86 3.306038830041037
136 4 271.6026129904089
74 89 268.05305383383666
132 38 12.67832124651727
115 225 841.3453147972104
90 6 84.798052710561
157 188 2.021692390146653
143 184 144.54204072520628
100 124 82.68822527187858
210 73 105.98931606465523
252 204 22.235513689169707
74 154 775.7575734380978
174 262 290.4120411692191
36 166 297.64643716564643
198 94 233.6827051336371
8 279 79.73308328951603
182 21 10.54907123647928
129 20 35.45488696576077
207 115 561.6268753164138
248 249 654.9729833576072
138 247 24.028775988772498
243 15 379.08616240879167
215 185 119.6122321663903
1 100 138.02074007908723
192 141 22.410269102790068
281 24 88.26539760660515
83 147 139.31821541972735
203 260 247.25505033413765
175 75 26.91194379709174
211 82 789.7084142291238
64 40 51.511689870533125
60 288 108.56659183280107
201 103 275.58004531932386
13 248 88.06663535439291
12 99 158.72983508644393
283 36 1014.1955395455769
163 203 75.8296350533191
173 36 145.8430096050363
119 276 44.13496939015951
228 266 159.77641295121325
112 253 1.3607669064107328
270 156 305.3637145119481
79 59 404.2586837012258
7 148 0.6838836452463986
180 206 504.7980403888338
71 102 140.33234193032345
291 232 107.20437498331414
211 263 16.179171384487574
82 291 56.2381298870584
292 53 290.7155853562187
96 124 275.5047067935861
153 161 224.11347749773932
19 90 280.9245084097602
67 248 324.5532874110763
126 111 572.4981326937444
31 165 66.31733067647204
199 33 169.1573155675153
194 217 120.70193796376185
215 77 64.42446012931852
236 232 321.9390276421566
271 15 175.24245882766115
199 72 93.80997354593312
193 218 535.4300018019006
225 107 281.61995151198045
208 163 42.56177035859716
19 83 447.596876006297
248 200 430.6943750256276
235 268 22.061592489826754
2 144 26.696574572993974
6.370320184740903 3.967517085243804 9.606589597774128 1.766666685561811 7.73639887118229 6.044080793908087 9.128870177646192 3.55711107749122 3.233462883310861 7.199944599487543 6.461886274828244 1.950197725830831 5.559656433086687 4.375036941256299 1.37576199018046 17.577895978896027 16.82692449168718 12.765632944729921 4.806794601171777 10.190154227564467 14.992663819609444 10.076266116749641 13.28530115027661 3.9994774078968476 3.4700812272789046 3.7340328377713607 0.3083341087649953 17.443001339726607 18.134703252598825 7.366842757186007 2.4238100833901575 16.211553610563588 0.19965938590183183 2.4029239166832674 4.02237043651508 4.47139189754078 13.141543573827386 6.506069193124116 23.3327110215161 18.304248779333797 12.208669100741972 7.147879856351606 0.668999650183476 2.1052399413770493 3.122255055179065 2.125010681090544 63.711044689240524 7.785696890558635 5.937226532334976 1.90033485082277 9.236377128555038 11.959681254532725 9.580117194521513 54.890080657882706 13.592412382631437 2.382627784826836 6.283771959354971 12.917079851970126 30.326025154355378 6.062225717377277 3.558256571202448 25.142649053098754 0.8733914368960833 12.553307181124264 5.213065910045382 5.001522381778693 1.377610435714916 17.276863298441885 12.292614050294384 2.9637894171262125 2.27138633608128 0.7516176949762826 15.711302147512214 0.27204862505615024 10.105466650490174 5.028954099713276 0.7838178982411382 4.265725672366747 0.667245936799729 11.404937874542638 31.446325252823087 17.825472106532654 7.829511742098889 0.11894973688043152 9.845751953534064 34.53984273410186 18.76439398359758 2.708071717279197 7.206456854638638 12.648213299552161 5.750979156506229 16.847790496512424 4.021944616293187 7.240761426525427 24.624191726660612 2.7809477866968555 2.230040737814786 15.722017901098235 2.9920949926124023 8.892894149123878 6.548883717117669 21.73968042746257 12.243160749444046 11.173439455586875 11.008078753065647 3.606185581889681 14.877335595234486 4.524417733288953 0.22125192518646838 13.475436710285598 11.228343644325346 2.05782744005012 7.7576688404202185 0.6469054324593083 2.366650798645902 0.0015054547751208811 4.4343986342931565 7.824898852604733 1.9341287076266653 34.0024894182846 16.82159769643105 1.761237132659888 3.606374593425396 2.902695495086177 0.6017971217713496 8.506497773616983 26.62010435736385 0.627626801955149 5.641811482573939 6.853557861317934 14.626828934590549 7.523484084556221 11.377568187445291 16.277943450217798 6.029601155844231 16.593861695062692 8.826054555307733 5.428841305026973 37.41874303661608 4.141643068936883 10.44318362772307 3.979144179058201 8.799614010380006 13.335421546754372 1.1270422394790909 7.8922276475328985 3.770165967634374 1.5879575092167033 23.247156386136815 13.779955383397793 0.15918469885169795 47.79047719952388 34.720485805194016 7.252372233298804 7.346436900760468 1.2767112716480933 13.514674554805692 11.694274416036679 5.555482415470601 2.3972225938189813 15.245219969901365 2.830844943193126 47.88684305220212 0.02443931818376374 0.8728604622833633 4.64421916599164 10.50156458932674 5.209720447402262 16.527681623910333 38.086590591207504 17.5621167724374 0.9537780982258655 0.8626624349845504 21.73963237437229 39.46542756361926 2.1928179338956006 18.740471963892073 1.5814616013278082 1.2986047747831766 0.44980749813994075 15.963909573568774 9.557911749991215 7.225786397705267 8.424806299961382 0.5496893603009643 21.578924708092195 14.634160896384687 0.0683524882648144 4.615785844966901 29.605115445188627 1.834815355730618 27.435879271646225 7.495797703454405 11.611155149352717 15.394443321841605 3.3034762057579607 23.678497172815543 2.465942575238626 13.903886553011617 1.6220238055230176 2.5544032363224685 7.68930915573077 25.820638603359676 7.366046229633316 0.14411966855086042 7.578074228568181 2.7697640209026875 17.000774620855037 7.8025910082647 7.635875280638059 0.7894579352062094 2.0283898568203886 11.719771538313793 22.39291665097934 1.4854235700268852 0.08788613561566751 9.673346318953952 17.33737926413475 13.170973582643468 12.601219996292684 0.11614096351322428 17.115703667439433 7.571391566774328 2.6070365483364593 2.5284476035630203 4.406556607394534 7.290031437586039 12.506143772106864 17.692464319092828 3.9758841944447916 3.3698466617484706 2.9358344312956595 13.409693130082065 15.569291353654794 8.02958343867587 0.17927713435029843 5.3338428648142955 78.59663387161528 6.250141285762734 1.9944732286416094 10.03829314658066 8.074595740380627 1.6748405519801624 6.920851368395979 13.629242994626974 7.136624641660832 20.93318391577512 16.395022195685232 5.987265884713051 22.86428817567367 1.6420736068389559 57.053621763557246 23.839887416326086 16.705083267156404 5.08211961393061 2.0362270456855764 1.6240654603739577 5.723787456146047 16.285763181042547 10.267789022800065 15.498923344448162 20.9438356175626 5.877061001543847 35.13251602233063 4.884920426161819 6.933763032394715 1.1278774913207477 8.182412953385056 0.03558982246488876 11.172642274680811 13.035488887816332 23.204006554699387 0.3837423786303163 4.2536172450025145 40.36606448441103 10.766855187331181 16.00125308221902 15.513801251950788 2.2465947699958844 7.552430890942478 0.6237786767212018 48.999516355073894 9.749790660460594 0.20016411978975251 3.85848025242164 20.722056321796813 16.148226109966757 0.5251354254487111 6.931177191629731 2.7753899436239093 53.303750018253325 0.7180187457200532 6.974709207766619 17.376934083940338 5.186752899322178 18.603423265226557 2.5390277985110954 2.0548757759889833 3.170721469535611 8.385568074780696
8
23
4 1 122.98862387289506
0 5 32.00811437553977
3 6 157.90503432618127
5 7 77.28766016750265
4 7 289.68082409953956
5 4 263.48556472071846
0 3 570.1211578189724
3 4 317.6161183708221
4 0 59.16285128192184
3 1 377.45490417768457
7 0 677.3991078151055
4 6 37.622027186957865
1 6 4.986891529694374
6 5 996.8461660766179
4 2 163.05681160215383
5 2 459.57578420715095
3 2 71.24895337135602
7 1 49.108092555469455
2 1 72.71813334346095
3 7 54.74968879923124
1 5 21.587897796895135
7 6 107.73840271592248
5 3 151.7557606951517
500 600 800 800 300 700 300 800
