500
2442
267 343 35.59204639408968
307 376 217.8050836492043
50 206 119.28659226445137
300 289 534.2825781631334
185 474 994.122117355098
352 295 219.28012546988552
357 404 270.4888780355784
289 104 244.1950144405292
462 151 186.9211544895045
80 209 164.89808335156854
250 97 427.3172180824964
258 336 100.97259788650577
253 460 627.2781492022364
135 440 344.416360342448
254 304 107.25281080936601
100 262 107.2845894288474
239 61 26.089413393476242
281 156 4.360698953326106
473 42 336.5645570579691
18 399 119.8904581381407
299 4 183.68203663289492
6 238 58.35957023121263
151 34 536.1885747404781
126 259 59.174551119951204
463 10 108.78696129151248
485 469 50.98376323979398
239 479 882.834384874691
325 428 344.7343597796699
58 376 77.68605615500687
177 139 47.13295100953921
373 482 99.56787748677003
102 260 257.032757698879
286 395 411.84657362301385
440 287 234.02080267499667
469 497 230.44630166301167
14 382 102.7770273969766
304 207 129.03735450011766
257 498 162.7662687403623
128 118 526.264099077376
56 227 446.08315208719205
185 399 741.8720291531239
480 287 0.805324597640684
286 0 600.0780938274861
447 200 14.996333781948062
457 469 251.62164443732564
445 224 310.92940703472107
31 418 479.7287154728325
22 80 327.3610294466646
149 366 218.84318188038745
345 88 103.10994881669279
197 120 339.0020995180317
470 72 131.2565439406126
92 322 136.77371421347837
402 395 315.75133802390854
318 72 307.3449197076621
40 458 76.49269037917091
431 35 67.97065445012002
141 245 232.6044667128563
174 96 711.4107221425093
83 10 129.2695192504546
56 460 432.4299514806455
422 492 56.049716929757565
92 499 102.90981052219198
442 376 128.64819067267905
372 53 278.4229486008886
394 276 273.38043493692254
312 470 26.237117379902426
120 321 196.61263221296727
29 192 196.5205654776183
104 493 56.376011278432344
92 325 102.12650784723398
45 200 51.64774421517945
428 348 30.351104359107246
183 299 222.15823914174968
365 45 2.5244722675492857
390 221 5.687614265025269
467 145 14.907570131856268
374 229 193.0513193639202
96 111 5.320014931199371
496 480 13.828452221068602
177 32 367.51756256749724
36 494 56.33857882504786
72 219 332.6881859577351
326 430 82.97986015848262
9 73 114.2683981016517
323 21 607.7573080080454
185 215 130.09989453385532
154 314 415.2187158289362
179 150 574.2422136525092
356 189 64.62618792761359
318 402 89.60826231229059
339 255 257.7421479443818
57 405 135.1674136631629
444 220 68.55237650966113
220 348 187.7852689554174
488 42 15.73304491095161
223 215 130.3987169876894
283 49 9.867863669765024
306 357 139.46241861459816
180 249 34.44015781460803
335 281 213.81249846696724
3 431 21.65174530928689
31 444 184.34773109791792
134 181 452.08799497764113
73 79 282.1555260788947
24 429 456.40031627504413
32 431 112.61442474786524
242 181 66.4850516358379
402 432 20.89558031919225
361 292 458.76367408037487
405 153 646.4494108099005
345 153 70.20183852137076
4 337 370.79592627868516
295 91 213.86001517356718
478 279 364.4617030033161
381 192 277.6171709860806
173 432 68.34646517820718
243 339 197.4531797964488
123 340 472.53643792371224
215 475 461.7703954981549
1 67 796.4687537890119
174 120 127.41118574504024
75 276 68.24528607428131
417 91 277.21926173951397
173 413 33.6472041223334
17 89 261.67021994356634
395 134 7.894614326926484
168 199 803.599906627661
130 343 121.88643140136242
252 487 58.39760925927281
106 485 12.34080758127201
141 421 34.01029881234044
324 14 274.07144212365034
220 97 133.8694192259575
172 171 386.727447136172
341 34 77.78804790105933
239 85 50.72907833435115
110 329 289.6046765097699
334 128 108.89544878955644
264 22 136.67876342719515
237 429 15.7364523918754
166 384 7.26249034761806
452 318 126.69452447135703
109 185 144.9069394285862
236 427 76.13569359105247
300 152 18.972648958913112
290 154 14.38556552473727
358 440 216.92645439683363
76 48 155.52108772712603
99 254 36.40165320158762
304 275 201.50689728077504
122 83 5.805257878853515
335 413 341.7026572971619
73 293 0.012249415548680467
248 139 47.36847545312882
486 172 19.078221024123685
192 322 17.85105241951336
492 125 339.59457350555886
475 88 510.30560075885614
348 298 18.065846249937064
290 469 593.8444632059695
293 66 123.11064722468463
83 330 128.9560418561155
323 360 332.8922013534872
368 91 4.26552050309996
196 152 385.31062740447305
52 234 202.96751279486847
259 62 43.86867731252927
255 186 149.5393788330137
45 199 68.60501169412798
268 327 225.42231011766245
210 147 174.01188667130742
104 262 33.665662662409204
294 15 157.89680468865578
296 41 369.61050653466924
394 439 432.8519597708997
22 130 408.10192950941666
96 243 262.731042441198
477 482 24.27246671746063
197 77 10.62949175634531
36 318 206.9536812787216
123 405 367.53696401397923
380 367 165.28184348342296
175 311 595.3121706849677
45 463 455.49481675568677
492 282 105.18678770674055
295 226 473.1125135040233
261 5 200.8514864234262
190 292 266.5866441975082
42 331 83.79615283815454
381 44 7.832616551587771
486 491 73.19631763988956
245 334 751.1195775353652
192 402 704.1012268815566
235 185 162.53187315397128
15 122 148.87218666317753
375 454 69.86415423186183
190 14 182.97341095764835
11 270 191.66262775589982
113 353 57.125310163075326
248 75 325.37314915455414
273 493 95.04161067307157
347 29 277.68804040149547
335 346 17.27841072048427
203 77 311.6816998106059
49 267 20.49324182077806
207 203 194.93653354169618
326 61 218.62668623416877
309 413 84.8810909489521
349 77 197.47774492021023
330 166 18.46753404443209
471 416 131.73228332128602
275 285 30.781577644613446
294 362 15.559715645101194
285 172 77.86497940157842
444 32 164.03651202289703
328 492 202.9978580755745
497 499 96.91635202614516
208 479 52.15364131155681
324 183 87.83535236990113
259 114 184.50721008053833
19 30 9.79264574764714
50 33 333.085773000206
404 453 509.9805134459773
440 146 633.9587228170252
89 428 322.7955731827715
232 468 227.14802124726936
213 202 375.5620548265651
179 8 159.99189990353537
51 354 220.7460062661147
312 334 113.10875000876317
442 258 292.65355944119864
362 479 229.0375027780672
52 243 144.5032349546428
298 247 38.889486502802015
37 358 67.43085156155895
361 163 468.1123902373686
204 447 70.73986174635735
439 42 15.536308642460861
151 117 519.747473968918
214 450 360.74975791281946
221 2 171.68409553564078
309 491 110.47353002054791
432 386 104.66151776352794
117 173 146.60967158762207
426 429 109.90401980849633
167 271 117.29142246567743
265 102 400.32407664623565
238 258 30.800331789340042
65 334 345.7743668783638
27 63 189.40068724292905
76 255 340.687729879326
373 136 292.4192823190021
443 334 314.14354959670135
27 8 32.72151940968411
194 328 216.3010459803684
413 471 20.90863153186436
172 185 555.3959404390417
72 142 733.234379135634
466 49 32.45416947111219
54 456 39.21597427390401
107 221 473.7533743720596
375 18 51.76190272052948
408 493 435.3023689259768
106 461 87.7166237000076
51 11 47.92797384164908
379 336 84.85673934690769
111 43 18.76763660250137
192 198 338.89185001892434
305 371 53.76398673160572
128 185 103.96454445085503
439 346 2.4442678125699073
23 325 117.9507929299608
378 109 282.1159190650909
25 362 115.15460980250674
179 370 51.36332223673449
320 29 338.07605944895676
370 88 70.31922223255866
439 211 59.180135677650334
359 276 196.29760920967445
351 103 211.92547592077182
487 419 212.3958745636151
468 16 74.72903955795293
306 220 105.66968122072826
365 332 45.90233945206176
116 239 125.30648181374715
171 188 10.896293899131397
244 298 154.17428639988003
106 240 154.1078455261419
489 246 85.44589861688297
374 268 62.78089357670803
367 219 12.656044239470246
355 262 633.5230305549491
190 293 35.199889535673826
152 215 547.2295211201881
229 364 180.30014071349814
316 329 106.15856268778387
72 471 47.787095980849784
328 456 28.48147072005976
142 190 194.24873055027004
402 118 489.37067118955184
95 266 293.47054244307907
316 312 264.13083291255714
431 44 280.7297722059286
317 350 338.47230400735356
116 463 23.59651388899886
335 165 203.2085366287079
444 166 19.175702372182517
28 10 854.5269576445218
347 56 116.97018383191411
461 70 159.12328162294546
82 248 282.72992267515195
39 188 278.3817026924534
413 18 106.48141898512688
180 12 107.11238552726721
395 139 83.93381718923743
41 474 342.4567747180251
360 337 212.9336331104835
492 33 561.052640938443
388 274 115.1679178503067
300 387 52.431447852014834
396 261 266.45322259099464
292 178 296.5929721340608
148 149 207.70371525181667
283 247 319.66261541654086
274 250 29.303646667314215
113 488 72.06561508622671
240 250 200.087705298431
292 399 307.45658597677044
289 427 245.61903661146695
363 12 23.313713856631136
195 205 299.656206317295
464 63 99.1510633243902
215 96 26.801740036745166
96 2 387.4632403885582
285 221 624.1577155178068
307 112 12.765068584190942
257 71 135.42365311417495
103 19 387.91477773843866
269 347 117.10342326974839
493 403 9.791474789425854
414 344 239.02468721918626
11 289 93.7695229568956
259 378 73.9694159614228
343 4 483.9020394646231
221 129 130.5550768635293
207 136 54.30837845415154
305 411 21.485983464991605
374 378 218.65905134114638
470 111 78.35874443231275
122 186 162.27756440214222
271 183 301.15196234088756
199 116 267.940416183739
471 52 117.22467128596872
241 415 457.30243991277763
332 274 104.04787926341561
391 249 119.90101220363232
4 364 367.8166634543624
159 66 37.44777023333416
275 312 361.0580268076549
383 268 483.0359251265209
191 204 520.0618668880738
257 37 63.66375220627333
252 372 143.3564100764417
84 123 133.25053754621587
49 389 90.4086323403736
259 245 6.180779019628423
263 280 347.46534827991593
296 309 73.69427603980661
246 394 403.660849320796
127 290 334.7693888925277
294 48 578.2550177299737
119 495 160.03894124262354
333 376 106.91063526054553
391 336 237.04508794901872
389 180 436.9517797336177
391 218 187.04444176258633
229 107 659.7264562639003
214 184 5.796167020867496
310 49 197.7975384288195
289 243 204.81291534041307
172 347 17.456281692465975
93 323 313.92511947294713
4 31 130.95225532939594
36 433 102.75262743408662
116 113 11.850699056675202
230 4 28.304841220874742
196 17 178.8714163299326
208 313 211.57139915424762
150 392 517.1667280036933
224 448 25.138710930092316
194 385 80.92055720223223
443 463 0.24949495011137762
55 245 205.8432064770709
322 230 333.5381501187735
345 401 183.05480073382444
342 412 119.72365027022755
409 339 2.563959178037691
38 193 106.73517201340918
27 454 138.7211971273781
141 413 143.80851059116856
391 263 65.94173954570508
16 408 112.62369806814885
160 395 254.18876589076294
202 191 69.32092427951888
478 82 92.255700713823
59 198 134.10319848116163
370 146 422.04559080701836
104 222 157.89613155115418
179 359 144.55002417340816
277 131 229.43586882076428
278 77 166.31331509759576
87 10 84.30590858228071
196 426 233.81661813427175
307 136 21.570546347178304
220 21 74.7557832018363
258 8 206.24666208970606
77 463 174.4226098436342
84 455 131.92596823022683
290 91 264.59983830824433
451 491 265.9252560626038
470 92 231.0714350134787
121 156 96.82667238193382
415 240 497.8256240899438
358 83 246.99639285537847
498 25 198.48804634174334
179 358 92.46638916789885
155 45 169.7682961691945
295 377 78.96731369871344
441 201 236.73004044376063
343 134 140.0256471872235
485 375 613.156423907856
473 267 493.5709750923568
73 57 356.58793152314485
203 257 320.7694731721704
459 131 787.0584759738146
149 416 46.024981527927395
83 419 171.5918642731995
450 438 240.4472561455589
84 488 31.31675378456782
332 243 73.72258178170043
353 191 180.81232943333103
386 496 120.19719109197524
362 203 18.279439874139975
290 29 91.04750686534653
68 473 124.15791844497363
47 293 214.03988271720817
171 285 89.59663640251107
193 232 603.6463562180788
166 490 274.14617595571417
203 307 153.58043836074364
207 237 116.40250245035253
85 16 27.51585634629044
422 92 408.5239262353893
479 203 14.351976230530278
14 149 204.43717364517622
379 245 378.37409414928646
383 397 342.66268226126954
484 391 365.1223962556436
273 159 765.6319332717828
74 297 217.31375008261628
361 11 213.10020896320188
325 239 17.593990439026378
498 346 50.64412757492514
367 487 159.83948733240146
318 31 1266.9122310253942
499 462 46.46851235603414
194 314 61.81187300470331
319 230 10.90641207898072
198 373 20.196934371700166
71 123 252.6338763074815
193 243 249.95607952331378
167 232 282.1010103893093
129 210 365.08324462179985
178 233 97.32227869184136
31 364 25.941489288630144
312 22 193.55313804548985
314 99 23.22723388969295
270 73 44.60118200800441
109 270 156.84039463513503
455 63 186.23216451647664
43 98 37.01626771903927
67 143 162.18504903738273
226 156 38.169272624350256
218 402 147.3772882358355
380 434 88.66130541741212
107 495 901.3409828255864
198 483 246.47782208562728
24 440 9.175803318736996
384 478 64.88242408210982
254 197 230.39617138732663
321 225 227.41440713606065
337 382 110.29803009981147
90 492 272.8363852798629
404 247 477.32711475222123
291 214 115.35745388602396
262 249 113.28514567923375
487 308 65.35072315566399
124 483 144.3078780722765
443 243 219.94625458953186
308 27 302.10346979513724
314 251 162.0667931054233
245 309 206.68988086661497
277 412 61.15510766919504
483 72 73.08759923578626
227 298 67.58683339521411
434 496 330.677757359487
164 308 50.05632611497875
173 310 895.9294931201093
204 72 58.38097106743918
16 337 169.93101109011798
470 406 214.9967196414613
53 36 628.9875023876584
486 424 288.4835042355652
290 62 41.647346642032204
2 151 128.07802799947117
90 220 135.83504407472608
401 450 222.82286526251957
271 179 199.1823754145409
203 457 47.07260029447474
402 264 52.03901540830774
50 373 41.206040714006384
290 251 215.80704674324247
424 394 189.74145995190713
65 446 169.3873219755962
130 318 25.411057724738797
478 77 252.9398870549355
362 64 973.2066495050899
109 31 242.58556891025535
497 60 461.5132456609075
168 333 235.41857569466083
349 191 1188.7462500533247
228 75 97.29963614715265
78 351 205.73334625461035
310 401 363.3672709395455
150 152 186.34296836216814
414 327 0.38715614883762545
101 433 43.00138668214214
290 284 253.81675153550668
420 279 70.72660711002331
223 96 67.32697186841808
271 281 59.553818436216254
19 22 67.89612814629972
472 483 348.54676200747235
466 144 51.28433578713497
409 99 10.113289648229653
329 327 556.3488089899982
354 384 195.19230044944405
356 363 21.02519853319027
353 137 59.66962778491903
334 353 122.05290083661609
294 357 36.20455655000245
368 382 25.199271336459322
10 255 24.697296102625703
198 426 337.22583916076854
241 397 132.46458867796719
55 311 84.35079466529055
413 61 425.6449478345174
162 35 242.7897430861155
17 205 50.496628370974776
306 145 301.19852715749636
432 317 31.71281016389259
149 374 530.3781117084162
487 427 408.90673920787117
443 197 297.9890978687736
73 346 270.21793793049767
217 284 263.1030790876101
354 278 182.75649898210102
213 398 25.68375472472844
66 453 195.085211937066
385 182 99.02490879606827
67 385 338.1369399193439
137 366 85.40877884956551
20 347 208.28360000431707
61 126 100.71507941033204
291 185 137.26249096908546
344 339 18.984599212336732
446 286 69.02253042001013
5 59 325.45408478093697
7 283 193.70401155633004
378 348 180.42957120015652
227 118 122.39192630838167
457 106 88.0359044571347
468 165 156.348840041762
102 418 307.4836851722436
345 103 52.93565869771035
207 392 96.45059165794272
83 162 649.2555274833978
156 77 221.4282202806191
199 289 20.563233136163962
69 400 137.07458392465378
191 55 48.1375334884567
27 102 45.12853947197241
266 440 102.08661515409945
332 203 189.59253847712964
218 171 2.545424898461837
81 126 37.39587515577948
126 345 10.330302896597258
401 159 411.10571390446086
357 264 94.90100521942499
3 96 19.1961684726308
4 13 80.952494315823
449 227 194.86061218477596
150 434 125.25357618126927
336 2 171.4960078681942
440 112 99.99406670488347
481 498 267.4240424692439
182 222 42.81805337876407
346 367 28.059199060759454
100 102 127.9432580325621
304 340 40.34648166715651
109 467 13.403142471884319
221 142 458.94617468837964
387 356 43.34482345819484
440 213 520.124836802273
270 361 95.73106795393491
61 436 100.82899056730743
108 132 64.77421296528554
86 226 791.0096369552448
326 34 10.77586256822108
371 393 480.33746923561534
385 54 358.8046440181782
236 393 196.577182998626
187 353 192.95099401508364
215 23 381.91918417197553
247 302 15.860477573082324
94 268 179.68751115285792
349 460 203.03213451621218
396 388 2.0588039477816213
21 497 166.19060590920256
432 250 81.68541807224618
298 403 165.29418957834451
431 279 81.74016597108184
120 237 90.39823948661405
488 295 72.52078614117522
260 27 95.10130641220742
288 330 199.28159111060808
190 27 98.48031612472055
11 93 150.602649868971
285 73 269.73131941852824
208 426 58.27278342566837
308 282 614.3681059197979
468 432 237.25674189720968
10 238 21.215342021368862
99 362 256.66714619716464
2 317 11.230195038083519
402 20 78.52200365743664
382 195 83.57359416094054
344 286 658.4309651871877
281 167 47.00344568672635
325 418 207.23145364109988
200 316 265.1572193247638
462 282 249.62095799256966
212 259 272.4131295948531
450 492 40.44386432639728
458 94 201.53108058567733
387 286 169.85621826361498
177 395 64.13188108607648
439 402 39.03931863756907
301 462 43.759201947045334
231 11 1.3093194527453638
25 103 294.75359299656236
240 126 111.47317083666901
251 416 152.4233331190705
155 156 189.23674892492258
146 347 0.24934264803061126
423 331 67.32695101986891
374 17 44.10571968085928
55 358 446.6017915405831
299 167 87.36516944867932
277 118 24.665954141192337
149 55 160.64339657669365
1 165 340.6661158797979
58 191 4.220306278394389
252 183 224.24729709655878
35 272 185.76711935602395
403 216 118.43439751834815
247 22 64.9332343150847
162 379 162.53710083759694
35 208 36.72763489774369
112 350 988.6664562472056
19 356 30.19966739069061
473 487 77.14551100919309
133 121 7.165418130362398
111 408 179.69872336931587
494 38 497.19802292472764
254 377 100.06852863270808
335 270 69.6004183872425
167 254 43.77912137014379
493 438 291.0940375959678
293 94 369.43809727133976
147 276 323.795522022091
141 233 292.45749686749514
196 179 200.89265016184518
128 315 344.7823835695807
184 108 454.96181308194775
490 37 115.59631148576301
114 207 558.0186878576993
286 91 158.80205508586212
127 123 136.72610693957674
96 315 29.348065211238044
287 241 217.3613281475716
67 162 60.31739378685816
307 40 67.68816898288237
333 487 321.43193519868913
467 189 290.05349016544966
46 137 3.8510086825852565
479 196 57.88812480850659
420 359 46.63057225388366
233 329 190.3709525683003
476 355 28.13052063498255
186 161 284.6101770968197
67 158 302.3383731015441
152 237 307.8280789602106
27 69 1126.2528474085168
215 119 152.3903598678926
215 159 350.81817542752833
345 115 182.10577916714843
315 495 44.68945681595747
111 28 131.5389131448532
25 489 117.7560905290195
107 308 1303.4073723343108
402 304 275.6405886756173
12 370 687.6293908309913
22 441 102.32896679202173
197 420 0.6449334267095027
437 264 111.8714038461313
263 374 102.39940414756515
125 296 29.960540543549342
411 51 246.25452981757581
302 495 110.7715973815494
284 364 30.63292778606143
12 82 68.16455396155749
254 265 5.655361714061424
97 128 120.44306530042745
76 427 182.68767617652486
56 118 366.8721769180399
246 479 245.28263643214814
442 160 424.8787599349511
470 328 10.061549834926705
284 317 145.25730219828293
278 25 358.83217780252363
10 339 156.83563222774782
395 118 42.007489941593974
22 355 243.10919782173968
433 175 12.558660358434452
348 106 36.48966289741832
331 77 197.6158115753993
105 195 250.226978621269
242 458 650.9631565190845
422 413 205.76873878182118
31 114 159.46861360064017
208 253 14.223966961660075
67 112 138.19336623256794
435 140 237.15185032474517
207 433 175.38444305861339
30 142 608.6590870232925
101 493 95.56864542298332
318 339 341.1626634161207
482 202 125.03252063448025
209 422 715.928504381238
398 289 33.63544191747073
393 145 290.6109118058679
287 125 115.21255149645728
495 143 420.47482528015905
360 293 71.62449849206098
490 449 56.76286900504224
168 211 139.38469258252303
328 210 580.9208246553177
254 5 37.99633159933373
404 233 656.8350275648262
74 176 133.45655315512286
69 154 73.66447235266676
68 223 203.1749540806686
318 447 164.55093218381512
212 261 223.15475079896694
243 348 202.33979327871262
390 219 111.6378124898082
367 332 184.63110607014806
370 368 26.96083490800621
198 3 44.88189971235046
417 6 266.2786859638817
267 288 35.39620826060824
353 248 46.516623212181365
190 440 155.7470594388121
315 86 89.35185112939068
427 159 57.75383953634592
193 18 253.29106996524365
395 143 212.76695243819685
318 435 281.2675979292222
177 154 384.67992337231897
268 133 1.747898291791635
429 488 415.35398726447664
226 357 233.52600395936216
222 185 956.0053769040856
213 432 612.6379287624837
444 267 86.4154426662543
403 164 357.7487076758446
105 446 422.3100843597494
163 181 18.821088195927512
364 242 93.92720249362846
348 472 136.48130950129251
406 294 593.1232980630482
374 15 99.19318952698619
328 390 182.0418455632191
52 219 475.5153278477904
64 330 50.045007700683456
125 459 16.429575464555622
355 339 166.82713297237558
82 298 553.8401666599235
99 484 61.734713989723325
17 135 196.508324411723
203 169 438.1426120648568
161 486 350.3146566591974
143 466 288.3179723009042
380 13 180.57732253236156
341 263 296.5057863907625
476 98 186.07643408198805
75 88 149.8817162113326
442 492 61.758072807436626
361 314 198.77117193330884
487 74 27.25834331915282
113 229 208.78620423952796
179 261 13.386251538571262
52 331 506.01533836932487
189 407 58.81101784142236
102 83 82.43678511662127
474 334 221.58262120950107
282 97 121.82536918429822
49 54 187.8038345552185
260 298 571.7952852630094
200 273 71.96002105132084
179 13 455.55453482723516
223 175 114.6257494421055
477 227 151.9917444935415
204 5 27.841048226212763
446 87 66.29661127242892
165 224 174.15422240837742
292 170 121.50570755230372
468 249 472.16658741349636
46 11 6.164609904209378
322 94 63.765637380118676
428 352 56.1271382745705
230 441 575.7543264070346
249 342 2.4929212814763066
347 159 108.44941727005933
310 227 70.10697282690545
399 87 71.66219352568383
392 167 568.6342372762074
71 216 97.04424379103854
179 287 323.82891605674314
326 339 167.25754455102873
481 456 165.3258823664304
397 433 315.9331821524707
447 155 152.6066091627523
234 112 931.9209479014568
45 385 361.80196511143106
355 35 250.90863655001985
95 492 37.14211459453314
104 353 308.26256076282607
417 434 185.04747308019566
164 31 260.107111008364
406 110 10.3363995541132
223 116 78.27713697711552
368 377 1031.8886254461663
443 385 293.02555489244776
457 137 108.84817903089183
351 310 187.16251932700635
248 34 42.26674912950081
64 84 78.34263685402443
259 161 112.06854227149725
67 26 395.7216368345124
3 159 2.4265235794376516
119 85 142.5010076819774
276 349 481.24307794490255
350 162 88.44747785525121
408 75 183.68219014035694
85 487 215.12254949760384
257 231 343.89004613987055
428 30 56.729513449397
464 373 35.09827310323525
40 214 82.96379610984377
52 125 340.9901152133119
112 38 102.555527622802
437 42 127.00652496519564
305 366 57.23610001588033
107 389 235.10556750824776
284 329 276.6500406783662
365 317 246.3235458255272
8 242 144.38674892012435
478 178 364.979691410977
363 311 267.5641750467618
12 271 141.28267071520227
186 434 322.48698672441344
380 355 191.890505661707
132 16 332.5972506567969
93 104 60.28120895049492
204 378 144.60648099162347
460 373 76.10025582346289
496 236 431.48294952460884
59 495 286.6214418627819
30 401 323.39667227646555
180 25 63.63557283673773
397 474 18.84259449056171
211 246 162.93041294856965
189 392 81.65548859108912
484 321 106.60006124788532
379 348 121.08677441927445
65 436 194.43649545634636
443 470 169.98460023541472
140 422 430.6388065910699
154 118 427.2661994032442
321 372 34.440724840520794
398 24 175.54850795248245
350 166 56.501320885256256
12 92 281.84526572712616
426 291 181.3700468013332
162 198 333.01490229372894
458 117 30.6753116989181
485 153 255.12570265801466
98 74 29.27952549094676
45 409 20.764622254577283
238 354 56.03446748663795
410 192 275.41934425660145
308 130 141.24800538337047
468 106 36.175367661634276
436 389 285.795590192045
296 225 93.03135998029447
65 117 586.2545869519622
299 475 48.851194142084736
378 54 283.27135512872445
358 448 21.001921096757467
406 279 329.38025748610255
234 414 310.63228856914435
119 118 16.919470854406402
84 456 82.60681867461292
365 427 167.5505699594749
128 5 5.977396953734457
198 58 242.07785047051433
333 308 397.38425879719125
183 411 141.77590698550355
295 373 160.32965202393686
212 43 451.59912850731683
233 35 285.16444709015553
121 278 253.80785130735885
163 475 357.05625550977436
109 473 236.46553988764217
497 229 189.45551422622168
41 458 94.93221391796435
314 128 270.3899382136501
307 54 341.8274504754075
332 137 549.7335758747935
485 43 123.93416419156826
257 131 481.3111734136377
218 154 58.29648505939981
90 58 21.59678997898171
408 82 313.27798932557664
85 89 39.08640811790827
78 419 124.08869805493397
176 245 285.840980255447
153 43 91.81122499047855
476 275 103.34349695203633
437 31 145.5423268700452
423 319 111.6234000818678
464 478 54.354980029981505
324 205 22.592659236626485
6 492 56.74555170754915
158 473 38.09785773881643
126 413 32.70247653154895
417 336 173.98561259376854
282 249 24.023260163794056
388 272 9.878895818919723
494 271 21.812010015648294
131 377 75.1559667792104
147 119 68.41177036745377
239 188 59.320175605978584
229 145 86.76589633294405
203 283 74.05203453356782
473 161 740.2223577144771
401 151 1626.410132645754
131 495 224.49861004945836
209 375 313.35422182479914
164 245 156.24356424852957
133 32 91.44742503875297
397 191 242.49397384845076
202 146 521.9039298999226
210 208 29.35008963980257
206 2 62.35849315923391
214 64 172.05591910044845
45 340 33.86143643711019
377 46 20.890180523491868
7 337 203.1448672723365
56 366 174.09942374385093
213 151 85.50112698736369
387 329 470.70018866149877
361 351 365.8285341180034
29 158 197.91680983001362
474 380 123.19122015367789
178 55 40.13498485961498
143 129 30.445253923678127
207 296 261.8417703356288
305 114 189.57450181486325
12 116 289.88025999139177
307 328 103.27408985018674
307 4 398.3612579036971
243 436 137.9062725407631
399 314 220.15869432502367
189 257 195.8661689177456
161 394 657.3349766760298
57 408 359.7706188151275
471 13 70.1758236817379
219 496 334.57278186406654
295 335 23.05991677048376
180 438 31.278834250634663
99 7 56.772959852491766
110 287 261.368767220668
3 157 94.93591490645031
243 361 141.39179111557698
179 74 144.00759483794948
118 378 114.12732568271255
128 443 44.933675507136776
326 432 8.84987222184941
141 365 1137.5166369550518
97 469 43.70897731843943
327 471 158.88132478705984
163 57 372.25517188908697
340 392 324.10099098883103
315 350 64.45185241388717
349 332 242.02192889103404
32 474 251.08904041476313
85 303 449.06097174657253
361 226 73.71019834137722
424 292 475.0964089390581
406 175 189.01515730462586
132 442 84.18402277332942
427 134 135.82985100496816
78 156 241.88045131270158
137 206 464.20221337754805
213 324 132.31720047754484
211 203 248.59651372071326
345 17 419.52237613208575
189 281 154.93743290116873
150 283 102.25546699423045
152 424 195.08213281165624
467 494 236.60570894606985
145 196 41.64007247977656
331 364 23.512567137435067
284 275 462.6137003833044
258 87 31.04798949576707
74 76 158.30862379454277
20 212 114.96371882298465
431 374 133.13303036099234
393 192 30.594436640812656
65 41 264.5011400563575
379 410 53.29007813151857
303 239 337.86428741023025
73 488 264.06754379939923
66 59 167.68281207002178
185 283 470.26447139941655
145 20 238.292399072928
358 491 270.59596995099025
409 87 366.8919274817234
126 261 828.0409405057239
484 349 14.96033405591419
27 41 219.5411913809992
1 184 92.53450558516309
431 221 193.08265167602377
333 111 212.37056288340392
357 85 78.95894787231619
19 436 28.557001654373337
369 191 59.99623566389782
175 342 18.90237182077389
315 57 410.63875845805313
283 417 654.2262181170045
173 356 89.03827589469418
425 17 342.4673610044113
214 445 110.17377001836415
473 327 344.06077457868525
211 468 117.26822069925882
247 361 5.564296593955656
470 322 294.760032890216
384 348 107.50360809977278
198 38 114.1048004797413
184 369 32.44906293503475
126 104 63.1171971112909
140 105 759.8663948523415
492 79 281.72247470730815
480 15 46.19683892066552
345 195 78.53484665541565
61 13 97.21532314018435
463 149 81.86273052322849
252 203 369.01592199329303
77 405 175.04695569345773
256 103 106.80175526729914
105 72 76.38974499721135
316 232 84.45619540517872
127 142 76.31036653727897
74 256 326.8289254021803
22 398 555.759531575974
479 107 14.374721980879784
308 304 54.942477175111236
119 96 4.508017090478864
54 20 321.7767166007599
465 225 214.21067161770142
353 140 107.91924342439636
287 75 7.685298506272682
213 257 131.62454890989636
352 476 33.192566741786806
183 9 314.6904493176935
118 65 50.66052385087032
240 293 53.20265702425917
11 470 208.5189651598298
106 4 71.29146852125274
205 42 124.5437745773623
439 497 73.45843039544943
447 99 89.50279912811335
392 299 122.57152126629039
440 188 444.40766451854427
78 389 83.00402252588607
240 247 32.103424802790116
124 330 403.37483856048345
92 482 63.472544435180026
433 429 10.827286829369314
485 453 64.50587540463172
72 39 2.0613092452522483
415 47 434.23436242181594
178 248 128.71893132170337
80 419 558.4158996512886
234 364 84.71412350468792
447 251 633.3972595887923
67 43 328.12391158123836
158 163 109.85071377909281
50 13 256.71760866584947
96 210 15.581623795564086
450 64 7.638999520006784
144 236 1025.8215976593285
106 228 326.612167688425
242 54 298.854090228544
377 408 109.1752891408815
43 254 182.1478013030754
23 309 66.0893333200813
295 431 127.90950863247743
114 267 555.6566375158652
5 95 42.35742531915111
477 67 94.38555232994868
460 386 33.63844784892707
81 300 704.3044116855094
44 425 18.91213501969875
143 149 76.42119117180722
407 379 409.7605722927319
222 431 127.48203250312504
440 281 6.2592174116072945
108 305 46.68989747100811
75 291 357.74956245990654
38 124 14.552916330917453
415 191 267.751542148939
64 146 805.9744396392105
494 389 20.941724183464487
424 31 241.28867240077528
31 388 241.6832397352044
356 309 576.604890105755
266 272 46.27497927525588
165 385 151.02284060746464
56 385 142.11322648515008
170 116 249.3454830796868
224 392 304.81065804062956
336 73 42.25532289263965
106 184 154.5966461457724
384 418 59.49691634542936
254 299 34.477293615261075
1 15 168.2850795972622
385 131 10.118694988666173
298 203 22.456529363657445
371 267 52.99903878424567
497 248 235.33117046596712
152 363 246.354067456308
137 371 261.56292603916734
310 491 89.12251370416155
201 47 163.51766351239857
232 9 99.53887218781506
413 169 164.8519068548762
237 30 388.33554213649626
11 389 26.99969595187845
454 220 224.61590498481917
358 343 22.325193837232376
70 174 327.78397573234906
392 214 4.29135454324224
302 277 286.27874984290884
308 368 19.700227288891007
438 346 43.04852171508286
16 310 37.809194179219375
115 23 52.81161606293231
144 449 249.82636172241186
456 424 185.03708359618102
322 408 270.187304936957
414 33 708.1157203358306
255 166 620.3327174925071
259 48 47.51555734249525
70 350 277.2721327763657
38 221 179.07577103596418
214 55 376.7824949719936
174 190 65.47188093955423
249 272 311.14135356606096
372 379 2498.85484807107
147 136 145.7966388548866
318 134 570.834228360516
454 59 659.0750941954299
302 103 63.16514812588149
248 126 207.62513911864758
475 315 27.300037372040887
224 335 60.47155853472878
239 362 273.26912721267075
412 58 36.98000190256974
438 301 20.50153045458058
379 260 423.9409039215134
477 175 438.66015720600177
379 153 136.16430599843713
26 131 123.75282870838615
14 135 155.77973809988006
12 295 127.78996346891121
282 105 194.89369294195768
208 161 292.91917270638305
437 438 68.31981663419879
268 320 116.52976524852619
44 315 11.632954212933933
312 18 24.52637781522131
371 104 256.47735334182767
32 387 14.620072707297993
211 239 412.7663864853806
187 64 50.68676224083788
308 471 428.03483296101194
364 247 187.82727299499663
264 271 8.600377751735047
233 418 18.305363701746753
421 254 17.331650461808774
296 13 187.4662017129252
463 368 338.01924417055307
466 138 91.27910584783473
15 66 189.9158726484096
381 335 352.51710553255396
425 128 185.29482931765855
93 175 949.6058111174578
60 98 22.238950129500644
296 330 156.128774523791
6 89 287.8934207685527
340 34 234.07464393812916
445 144 322.6229550792638
139 5 30.843123567871984
147 168 51.2484741137971
185 12 101.26357346100419
56 417 368.78469587462035
461 399 9.263522180167245
182 158 267.7608453110487
193 89 26.36139215883911
70 24 477.2777791609463
75 428 125.34993030173347
279 65 349.07473879824835
263 135 18.581033925515083
197 229 319.90361842930554
483 362 239.90579790001135
395 412 172.38324314970842
281 63 128.62179160737324
244 12 411.5600364828901
469 37 66.07778148268292
283 232 281.10968335485796
481 96 550.0446381301956
217 0 193.91863357032
444 377 4.052346190104807
243 6 268.61274497563886
236 274 25.429392561811447
248 407 1081.3683541177961
55 416 45.821931533715386
460 149 87.67392005948619
29 299 308.10652148928455
477 376 163.58409627281782
324 449 128.30136200949204
383 366 203.9861647423889
478 267 332.2081974279061
52 470 550.842269216123
200 35 244.54195589260354
210 302 49.569107871786414
51 297 55.527176548501075
219 463 155.63802862211858
432 472 4.174786064280511
148 304 15.033038856164763
442 428 367.084862335808
455 185 5.120443560959865
471 443 116.21982031897578
165 484 16.9936469990599
58 140 734.1583957060479
416 316 127.75217834628923
347 381 6.475325179476071
55 345 785.8011825912888
137 158 175.47621114528226
402 294 418.99169146442705
23 151 97.47046317533477
134 327 793.6903801865653
179 159 507.15029527148766
296 418 19.486998789714903
137 480 26.280212958665714
461 460 193.7503145330379
207 278 33.21879407007297
405 187 4.300091137608783
365 64 245.25680347532486
446 59 27.087986749905546
222 210 149.91741909906136
282 39 138.66895299417558
225 99 53.736753613488354
262 11 480.68357563012796
269 11 229.55074368663864
96 371 5.4519607192596
203 440 13.077678113099056
386 121 186.72331192570456
134 0 450.37967623421383
212 21 39.26170146919386
398 382 4.7984976112115465
149 346 131.70093876100253
417 482 137.51410976718134
104 357 82.70601022593378
141 488 308.92853294779223
49 379 401.7763209125352
73 278 124.0276465411394
310 133 29.463374627899892
81 130 91.91602016271156
57 101 275.657996743901
450 313 34.590194283703816
26 430 324.7307620392284
218 339 25.506742499086826
75 315 183.65574237471571
437 266 188.1061069049461
26 279 140.22982484806388
129 235 174.68198888727576
65 402 792.4769562313096
450 19 33.587161415611675
437 395 184.0109530577719
301 237 125.35997384349756
321 190 135.47866981328193
323 349 73.14031483670963
465 467 221.71388091616672
7 377 195.06706482708367
152 264 52.537165113925255
6 28 258.48790742394266
463 18 14.572606081103531
42 446 80.80398069879912
192 293 521.7906640620473
490 160 230.06076475767313
281 52 358.9734511194811
352 292 95.24096435480801
304 138 176.7872382234372
484 272 18.961132872039077
103 3 193.76302251158955
212 472 107.65972038593357
444 46 195.0794923899574
66 325 35.18074453797446
493 437 157.7830468746982
51 6 378.53207998123924
124 160 16.593110044843957
374 437 14.813914661833149
83 467 269.0273716241372
328 333 3.354667707737897
412 319 345.9666884063262
321 264 142.18461142734185
359 477 180.7052908813852
68 103 301.73665379570247
203 281 60.40235662111183
361 58 407.9662606893363
165 12 313.643346742824
153 237 255.4874555028563
242 455 119.87454700740412
487 43 671.7734664288809
14 17 83.6147080074761
410 190 13.683698312393572
138 101 54.62649203012199
409 300 139.81282859210222
467 106 19.22751547915649
245 150 11.354041882971224
333 144 106.59759485017828
206 439 71.94160547043862
250 80 82.8697709242195
214 341 2.7367516907790708
221 331 250.0468309340766
258 361 32.19468321382761
441 119 128.88516338171237
372 363 152.7850427516561
300 368 548.2639431968772
328 457 121.39154300919014
406 361 371.4223508633411
91 462 52.87223092985174
426 455 67.21767597337639
361 89 105.01294041368432
330 470 81.74742600350096
214 279 75.29347457537673
427 317 187.07649936634897
403 218 21.807226786339097
485 314 165.00092299095581
464 106 294.40657618601364
461 264 17.82909062487702
417 3 54.20655759441433
5 498 385.654614870003
436 298 94.22407678994763
170 254 155.36556959131397
332 194 79.44385630712837
227 220 261.07635687321766
282 411 303.9715503982913
280 84 139.00469238691184
285 46 9.839046221481155
232 247 449.8263888414014
293 263 574.5248802296353
428 462 318.78904427826467
260 470 50.77302625441873
490 285 93.2881636630311
107 463 317.2149042119491
64 131 155.51993149111664
174 23 55.142754764252075
45 31 300.5815883096238
95 89 167.453416741042
388 18 2.02861630462865
447 255 21.471367156966117
433 409 86.93294333990454
187 491 107.74995264845965
300 48 24.66033976308478
140 307 36.468338260461486
11 228 516.5798834087823
463 293 14.598757882548929
420 267 367.8169079705669
439 68 207.88700302035613
100 407 149.46392430578834
277 454 1.1565382144750966
249 315 66.50628050185354
55 494 63.34967912107029
315 405 15.556346536166918
427 296 71.43013864871074
69 498 237.34261408590845
15 91 38.66736528486852
135 89 30.83303600146929
73 176 221.22542169000562
153 343 49.76802200511903
310 359 539.4744721216802
202 490 164.88557328488375
68 474 92.82100272935814
374 435 379.1275382585864
10 322 404.80256546501005
497 232 72.57852724674197
190 234 200.81920980869688
256 172 492.3081240103241
382 450 84.75912035420187
68 3 427.4851459877577
77 320 96.95027654505188
43 206 86.83269449155763
205 144 339.72503264698366
450 282 161.17832712263188
141 94 38.248938218406856
79 313 431.68203539875475
150 176 353.7001786752597
299 149 258.98886337020866
481 381 70.34615311941299
371 166 38.06488322372427
150 305 158.07965939419879
122 133 97.99591799327804
107 292 49.280558620341694
174 175 93.96760492380814
151 377 294.3996198053014
339 334 353.02589375189746
304 232 128.52573783669985
71 447 74.65497000680907
11 62 405.6172812847139
50 455 109.17738752075404
17 494 203.97189603044814
154 440 10.428239461710996
455 269 15.067065142345658
147 432 24.458852812796067
190 330 175.65514109922128
157 305 329.2080627998486
244 109 170.65486990009632
104 25 22.741198641167536
379 189 351.12048896492655
71 17 268.74940025492435
345 85 45.094172518320846
269 339 96.2231970707943
484 186 244.7425858633403
223 98 472.7336037368979
383 161 213.38735672224956
448 214 240.8938949318682
55 132 65.03637728108936
460 75 92.32453407608212
44 126 45.73819902375664
76 218 616.620404343072
365 287 73.72911611706724
446 231 40.06364948324496
288 132 134.72245799575674
184 163 238.68836289228423
265 261 126.1963536917169
264 268 296.96617156583505
334 494 182.36884513090854
319 88 18.73141842041992
313 238 407.53729410448017
329 117 20.19721993737413
319 301 355.2997284113901
11 67 123.83856251264606
181 489 102.36780696227636
249 446 230.9815222258203
308 35 245.50201248977478
264 420 36.28955174358387
68 322 421.9607121658826
99 227 254.41719140917468
21 336 165.01931851652017
441 50 111.5577442461648
65 373 571.6363287700087
135 240 9.784938153231895
147 183 278.94301070304584
303 75 116.13582753317067
349 321 262.3916145835221
289 472 17.445367271501404
482 147 452.4062147053679
298 267 8.613123659750556
49 311 366.5369820822169
311 61 126.95785441274812
397 482 292.9403437212079
47 2 480.89614126857055
247 25 292.20970978833066
204 240 97.7316237025699
191 185 123.95118210708411
316 463 91.30049093724057
276 16 7.375918462319224
111 168 111.35102490478668
389 217 35.70315206980291
38 261 164.70695881706524
320 26 127.29619728238843
33 51 6.436909495354091
324 417 128.2474137299184
289 388 867.5352925751744
231 175 223.68391316301165
257 73 164.18281146273713
34 190 129.8174395304914
358 67 9.99137601123957
36 482 160.26350039916062
56 447 47.4874109431352
26 324 499.13997018415665
351 37 210.18972012444212
248 283 469.6326087765117
201 199 36.72025824201462
378 326 225.0447567141809
0 145 172.52464173518928
359 195 121.22479821829269
463 304 145.42168652391618
359 427 122.75217341532453
78 362 305.7627274616552
268 317 101.61456514273523
231 323 268.2713947424782
408 382 4.647833121941169
44 351 153.41664710647237
363 435 147.6235672750994
489 428 314.30237457507764
245 423 136.5917678767407
256 191 325.3680561428216
76 487 35.156804052318954
313 434 25.749774801847806
238 197 92.78612519029174
245 110 32.498181088012664
423 99 341.75981209055146
395 332 205.31981085628544
219 247 154.24749125174125
56 349 10.920930338508182
470 282 86.13402505242225
160 411 611.4696669894703
293 323 67.27754591198301
392 117 43.47502208567668
309 317 164.71838106706102
359 335 25.488031138671584
489 42 243.4999913307549
200 493 233.32394911682678
417 117 116.45617804606377
230 211 313.11043939478583
383 332 105.75321392652074
165 141 31.55577939839036
305 318 351.2385402538222
356 50 155.8879998878893
133 198 65.74300858067677
228 351 11.804053142543282
91 150 34.507180611175784
126 457 104.17319361857598
398 119 44.95016302470562
226 117 6.80399564609188
247 124 11.922353594133668
327 353 467.8192524504703
429 482 118.78514533709182
19 4 217.45018298421593
498 200 70.32401457749825
6 429 227.98913498319732
467 17 146.565326947318
187 347 69.74074506214161
294 44 283.77870115205866
461 100 298.01187742823845
10 180 63.86949432773036
50 4 74.99013500204921
262 227 57.55356514922997
426 146 455.8698273083099
134 38 106.63020724058092
128 144 282.94674568247416
363 158 3.456914498493824
190 13 8.381664168488172
241 141 523.3108051694317
293 11 119.64762904554169
159 257 185.84042820977737
65 398 42.45457980249129
415 444 413.76389339525235
178 43 32.56711602120465
350 285 160.08428102734314
46 467 130.7250574679478
495 45 35.1790653742269
192 275 35.62320912260066
147 33 875.3373292651033
479 313 158.3204437776516
446 88 120.79682127018043
57 2 368.8311880663938
397 438 111.01693628391519
34 423 157.86429348177512
256 214 192.18253889740467
246 0 371.384158338292
58 480 22.332147432167698
8 350 305.9991224076306
401 153 497.6864877950278
25 424 290.96813301086735
356 342 325.9109597368922
180 201 3.330702220608229
252 234 142.26947724886162
65 154 194.91454410501723
98 311 352.90489689391904
278 351 63.806308361649265
101 451 126.65788644720904
233 57 94.38330809922803
141 412 111.77101163444306
5 313 656.5932988048037
496 416 65.72955777553507
414 179 383.3775982158346
452 478 50.097731288129665
325 321 92.56817340030933
390 25 485.4363530766809
152 159 118.87164379341478
311 412 137.7867171019546
134 497 516.2184414150205
437 137 198.72716567329337
95 470 784.875691343905
377 407 281.16616612399054
32 375 510.81248901500624
474 226 124.47815534366615
392 185 136.99071269729447
150 363 216.36484829171297
273 43 297.5949481802018
83 346 640.7651237290625
91 303 118.8165352321481
144 48 91.464418263719
412 405 362.50877944099443
398 277 154.23018784310418
431 343 124.8621954874196
395 83 447.7741362768337
481 437 261.9397446235225
135 143 198.30107218084044
481 236 15.851359182846561
58 79 358.1161521302509
266 50 210.96729948134669
69 122 3.378396243276996
73 342 125.07953079818928
325 308 228.31477643177672
243 239 50.40804581061804
282 398 590.0025391940933
277 385 304.38683086282117
79 217 45.03207967642568
28 343 271.49756568230276
289 19 5.407934870257704
462 133 666.3728282781875
402 125 70.90872565914373
91 468 32.190908288369165
194 208 129.9169267648411
364 35 45.87374690279258
135 102 326.9551302294948
381 276 21.48933224626742
157 108 33.57288980170224
390 254 239.6337068136202
79 348 191.44810733462924
423 38 213.14568865700397
82 411 530.8711189979831
219 319 174.23699121572912
302 337 170.37053941813213
61 165 431.6126676537552
106 395 191.92000202871336
445 18 70.74377487308627
174 195 76.30425512972714
275 25 74.7728744928131
293 340 98.69026893989765
285 173 626.3671276836508
337 203 438.1651924604798
72 401 627.9677077011112
342 318 272.8366165061889
25 47 205.8314941495671
174 488 49.38189149346262
159 295 83.68295124529547
159 286 114.62260609219604
143 374 9.014087786251741
178 342 310.0955812724792
190 475 389.1519286605945
251 393 119.98296600017551
135 327 42.09559448281187
177 269 199.02600097600228
496 298 118.18044895606772
188 316 5.660681113540752
347 197 175.08153054337382
410 201 179.12004439193905
296 224 244.37025537227228
178 392 578.456110387596
125 121 139.74826076301486
281 433 43.60775505507222
488 282 25.5929769933445
320 197 307.6204691051521
389 332 305.0626144101637
308 165 283.6509959621817
139 366 84.3684310384259
117 115 226.60389493257546
166 220 604.9678942082152
362 111 105.68382023812406
366 306 27.568752611247525
77 328 10.637891993832428
418 354 45.75092785291102
230 411 156.73279637097198
334 484 277.3327566650101
446 482 71.4798447362556
347 283 214.489270804832
124 88 496.651463244642
225 92 197.624222662933
70 436 242.3597052730065
405 208 221.0252465914218
110 451 101.45206659305077
251 11 142.96761707915488
445 227 125.39399797162028
150 247 99.77609342973672
441 205 4.384292790700188
231 88 32.16042031559696
159 329 95.22385313451345
171 251 238.9200684530678
82 226 233.59228756439
96 441 112.15608638973637
374 137 11.121045653798356
413 80 94.69652036961487
494 204 63.960226757714445
129 44 45.90896066183558
206 217 200.0722989470598
49 470 238.3161869841719
214 26 133.22172198783807
81 151 8.211225694837754
20 101 47.51996352536552
329 162 111.01851089364669
8 2 55.768127432413316
473 394 149.95361948353917
315 148 105.8612385185771
228 62 77.28648327596166
392 136 89.70024329802145
19 144 0.040469468056857985
2 468 203.5610233598933
337 456 229.65165108221282
353 130 302.8903347020016
191 192 12.615844902376368
227 60 283.9815382831238
267 465 222.1066982018089
405 152 214.3568071310698
407 326 26.654836346761478
335 478 534.0596688948041
439 225 545.430001825677
21 351 299.94200508212197
362 12 42.602777469806455
39 450 31.48545147431508
151 366 83.09720079364651
376 384 142.26497819057784
109 390 24.34071920829918
390 241 100.52770288473809
27 363 215.95779675827492
344 32 244.9983247379269
396 157 54.37306736718078
89 210 21.8516432286558
472 251 60.00826976200629
65 425 50.397460184808686
416 232 344.8278641438298
180 465 319.3854553413661
57 404 40.88519188581207
159 322 466.1143097461065
240 367 237.45706430920245
344 498 210.1179276637497
228 308 12.332313277561171
105 306 38.23085502384024
408 209 378.5327011801627
265 289 432.11133375868195
255 381 7.766266221549676
499 444 48.396825051405514
278 490 271.73906393533116
44 382 39.49010755790034
168 173 146.35996399579176
388 471 64.49320606818922
490 193 132.21921396198954
405 484 97.50125407581595
259 473 184.1466231762935
9 488 229.23139250945113
219 239 61.16194164228369
325 477 251.40716423247434
417 306 11.988295523833596
19 13 202.53402617590316
307 493 88.43684905718148
397 160 51.552018675559076
451 63 14.170563649055454
299 140 167.522859643459
103 13 66.11558422879888
308 211 199.6045814559135
175 43 90.92284556648833
378 430 433.1145201790056
86 232 55.14563285530374
219 136 801.9299682292486
355 88 251.5863962576348
452 223 123.29628221760022
288 265 7.627192229605835
68 40 432.54547279771896
245 452 213.41006941353493
410 54 45.311904235777995
109 189 811.6073808352382
222 229 46.69487978906662
101 452 496.1001175747521
263 320 149.0373599108554
431 363 299.0778429105217
157 64 104.26822419065525
188 140 4.126480828018939
35 297 19.645272352319576
18 172 268.71415637603724
0 79 138.6982012965471
370 327 26.791822572758978
426 43 49.45721102219695
438 57 66.37818467661035
226 297 116.8687110319071
13 237 65.88845936630601
388 140 122.2141597134909
289 235 683.6248412386926
172 217 17.12100017580384
476 343 528.2876464722475
230 138 125.68589080565116
277 175 15.557244828994376
211 337 44.834029624583515
24 134 206.2338879698303
447 445 673.859689939612
149 187 32.79568759352711
26 100 30.211943442179244
63 42 331.6013028229631
138 300 226.85098514369474
247 347 180.84244047551456
316 483 87.3929771666714
114 157 40.543882845151906
177 289 138.69264513127442
385 496 843.7760609657839
69 477 357.40028540035433
457 97 9.104699782631034
200 242 265.19553107451384
452 139 139.30946392103652
179 471 259.33252929034205
374 478 574.5573399346819
481 158 33.24286855358944
256 175 393.0917081013688
166 412 40.56872378151546
54 392 291.7638049069137
92 326 247.47986604678047
46 207 287.9370148148397
386 41 168.28689478746278
407 364 29.839538354738437
477 396 81.67929661533591
371 143 225.3031501046703
153 46 80.14499039234174
14 111 352.7404473017761
144 199 208.68439400441204
417 216 99.46878919754997
79 418 127.40870227032106
464 332 138.90308032645262
15 356 62.884393943834525
60 103 70.60058096203406
156 437 28.046486269661088
238 145 35.67473146721885
12 8 75.35990492908621
229 112 87.99883576475997
370 38 408.0127791076783
83 190 13.236416708894701
201 292 632.8909034608424
428 317 100.6831976109829
350 448 181.47638690440266
46 112 289.2790491808834
457 380 36.02635678366737
60 493 113.91000455684694
279 448 324.77909191509303
411 7 1230.8274315465517
107 250 37.79384642374734
194 81 2.9297936060440173
94 478 27.63973984237223
217 433 151.84797990510145
285 458 691.4358226361619
445 167 67.707778062039
398 137 425.5342535706826
253 161 526.4047432356468
402 378 93.55427533846881
142 19 430.2847852454084
5 475 8.148989889606783
349 81 292.6767071965685
88 443 137.37568263931877
410 219 119.18871635000647
189 248 130.8504812271632
430 490 211.95802387874045
221 466 44.01180848494681
159 214 166.20249876438297
420 491 416.30185017177394
452 141 305.17959907399774
349 146 362.99849264265146
324 451 360.73428169172655
204 202 53.93213662716298
254 348 340.97273197366354
271 381 256.6561501279467
20 284 34.93838597942679
135 397 85.00192770479158
444 165 627.4112155810129
392 236 173.46443896740956
491 378 632.2863086421197
336 339 408.87576490095785
453 493 48.02901861898122
362 196 1084.0514442756487
314 210 142.43533697522633
309 84 104.21345050898967
59 10 106.1949471541255
482 30 119.77777725256765
90 491 60.30645539771648
138 371 421.8467107196228
140 192 20.349187801916102
302 345 34.31095575592561
359 99 103.27276675847108
388 171 96.6711698850179
347 152 42.253504198750846
3 478 335.66018070569976
386 390 77.01135851242114
450 292 74.23715425965644
339 76 330.30277630219285
351 126 35.273681760466616
100 361 451.8967944086814
375 440 103.81002282869983
9 60 1013.0029091322677
78 484 368.8735835804341
128 176 260.4123188369325
197 127 140.23570544820493
291 247 145.43504116004573
440 389 84.64810597448074
16 399 273.8315259506967
199 267 10.535676953782161
372 417 66.80516507675375
451 293 8.911799157214748
346 21 350.99619904757947
294 269 34.64912515013385
271 490 86.66427559423462
476 80 37.34493544186871
58 423 170.64641700173945
374 356 469.0159488390994
459 397 0.7248410307258455
276 83 79.02773000913376
397 400 143.71520077595346
362 284 291.673479391213
280 274 392.21969169020355
21 235 170.23608695695512
462 110 203.68621035509747
162 7 192.08625896161152
134 146 143.09236620056603
430 179 110.93075728600982
404 37 101.5349476224097
282 256 107.85248201731625
421 30 281.7365878108221
300 167 23.114658491049408
375 9 451.8880822632339
59 340 439.6143515846669
433 248 16.844692681482822
101 430 59.387429593281226
337 254 93.08638179753441
249 377 251.5040453718755
370 287 239.291064710844
84 207 368.8038316242781
375 160 275.19240986512176
103 457 125.08015729804183
316 82 13.54862376988812
18 422 142.82762296315002
149 32 80.97928844456716
96 106 84.08965919380836
489 378 159.0837291629905
145 466 216.4814919738717
91 85 209.15436220545564
72 209 10.33225489438809
181 93 167.56875831451939
329 324 162.13543120996812
456 227 202.98496503429254
301 351 131.17482263945053
252 72 87.5635291745164
84 235 129.52221244152707
233 363 127.03605953310759
302 313 285.66853051094057
148 391 145.35196418123545
280 265 36.82168705337852
483 225 185.98169870479688
239 436 118.3768198849566
84 494 10.10027869230567
264 263 870.7100426890747
186 355 17.560292940227185
207 256 186.65976455348144
227 297 203.06952303552407
401 121 416.4766951999077
55 140 480.25709449413176
199 475 54.319407600463855
67 330 53.946873728093145
257 310 13.715521155833516
394 497 156.95107642944316
177 342 40.84961335196286
390 465 77.90878043926115
19 459 5.722885836039392
328 257 135.03658436641072
154 60 163.17118823663682
292 479 29.579030347752127
81 292 571.2966198968466
88 20 505.42477095485935
368 70 235.9050079577425
11 58 317.87187826167667
3 467 58.12227427245122
477 235 252.5144587218119
298 199 228.5098283720133
366 117 130.23215861492304
297 295 22.442816252306486
104 274 1139.7259339281918
461 422 157.4937878527679
469 284 1.1840151952921758
54 7 466.6252100128039
332 416 125.17636672769692
21 277 207.9110839053262
453 376 125.98983637546965
232 393 158.19456990011903
193 93 34.3180994956387
402 256 721.51904756405
46 125 51.518281077724126
26 39 125.59228940668297
130 337 929.6754911320464
187 36 148.2415553945529
88 374 165.16158976842084
462 292 523.7648869133562
418 265 62.88723784511161
182 363 27.268996185867948
458 358 103.03733915513389
442 158 213.72120393087272
463 21 298.69649863209906
92 223 225.30615540209115
296 110 29.681418609979314
185 4 86.38698346049357
386 441 70.78915081971448
335 50 499.63233095333993
33 416 52.183417476902235
0 211 41.39645216419759
357 263 161.6856296239049
50 286 228.81955550409376
372 103 112.41092181036872
90 306 13.567374197731139
71 19 50.50693565617941
386 447 191.55451970720625
201 320 271.1844826486252
485 90 545.4119378587418
52 276 120.55925785525847
186 112 77.1319868771004
276 309 427.38132309621443
456 411 46.31999406589907
91 174 171.47578668936097
160 331 3.601131824406533
66 480 451.57939690783326
144 404 709.605288795369
155 189 539.3577130131756
139 421 309.458984759667
234 432 302.04284366388595
334 369 109.91350879054222
440 340 212.68705129277419
459 412 232.64632268856343
476 337 103.45548829398517
176 393 230.76006706736726
482 478 882.8066724610724
493 92 9.623363921485618
279 409 316.15483261307384
302 346 832.8686733934044
304 43 56.44563509102082
243 148 174.2999919566257
104 412 366.8110208040708
149 33 650.6007785227064
33 100 301.1519980043067
398 257 792.5647084761682
47 450 349.49211684398506
395 78 256.6239016357054
202 153 104.41202156679341
78 262 16.300622135021197
215 465 274.0617566749858
254 426 33.74634828906014
141 146 206.30660100376988
453 189 273.8010934342539
319 147 59.65950184461867
444 388 451.21187520814664
328 203 201.24922384453208
249 275 44.90363667692973
375 91 59.92197700703043
443 205 74.94897446633384
9 35 42.762668392667166
39 99 137.52672751574525
389 295 146.49742114567223
182 306 349.86075243535083
89 90 132.13641295254178
37 497 170.28385941334875
29 202 143.32242369801753
118 280 419.94297621441825
409 319 466.8809359165425
458 83 100.51854586642443
473 184 169.53653751942153
94 434 506.5229907645532
473 65 119.16645575782108
315 31 97.08705103885977
460 482 326.33624681900193
180 401 380.9866409749988
19 368 112.37144050556974
300 102 156.39957556026079
10 254 244.58664206561807
132 352 101.63124738647878
476 58 228.77251068072667
213 476 105.36214896231286
292 489 73.28714125141366
333 126 26.724225407339436
419 262 162.7144150378344
125 485 64.83008315149377
314 120 297.5347242834241
10 457 374.48075294018685
479 15 381.88197711516403
246 138 391.0477112766848
315 272 313.40264566800266
214 412 124.53016587378234
469 387 134.2350491462509
170 85 682.9502070933366
170 121 269.4069567912606
450 265 114.27315647568021
61 36 52.269229040385866
422 191 183.1454112600728
33 407 212.1240741083725
498 171 88.0595536391301
342 346 513.8734476678748
390 335 52.48293411380986
94 135 37.150268818551794
352 338 102.91045037364302
384 230 317.23499547455197
460 342 7.407525320873996
469 71 50.58252041557319
292 260 250.88280840111636
188 404 19.10112390713226
297 67 52.131182615717854
94 69 9.942995506504467
8 108 30.604708501124783
27 397 195.0367407276939
163 378 87.66268011751293
441 215 4.679947730785416
432 448 76.84762986799039
144 174 308.86880934397635
273 408 614.1296172778763
474 73 0.025940008082297204
496 123 74.34803891483868
441 449 382.4842001154977
421 150 27.4237537336962
370 400 515.3274787899203
170 227 72.30294342724306
258 423 104.60983533238277
275 430 212.20847466715492
397 165 43.11038874199337
170 303 221.08205133486308
389 334 98.73909095182239
229 495 38.823466831612066
461 482 191.92690736258788
370 495 57.04826934567156
429 331 290.81481502005204
352 438 306.35138899804116
86 189 378.28377879242345
227 49 1.6545827807885212
368 207 309.6281510279372
468 90 74.21839152952342
235 440 39.45588712075943
314 499 405.10335857877953
269 10 609.6756582264188
63 218 111.83377390112295
474 399 4.0772170618715995
6 214 476.1152586799445
63 234 18.40846646963621
40 420 127.31027970361129
107 489 385.65332515797786
292 36 28.762756334820892
317 70 138.6984411208189
22 435 339.79569456032294
469 400 80.51372426178656
107 204 43.07332424244083
324 102 75.46594912386068
234 387 115.57922089666737
318 201 49.43948322922658
89 207 119.29287276027434
285 398 390.6778730470608
297 339 400.6477850545181
66 45 41.239488938094546
403 206 477.6758385449355
199 264 138.75705354429417
69 365 6.86785815829859
8 93 581.4852935278856
235 320 177.87509565059878
224 497 221.8700746146474
440 420 54.39948516825509
290 374 27.230248399297736
305 309 6.681980562200161
331 250 452.59962360859953
254 308 204.69399745122146
463 392 96.59581712338434
150 36 357.28342792049534
445 138 172.48811630925115
295 386 198.31069371291173
264 377 184.50102728153018
137 64 54.88873996441635
29 492 433.90720248415687
472 333 193.46394183463036
117 136 350.58535577909316
56 304 28.992005618710543
190 130 190.59170527534886
97 404 300.8424739206661
325 492 100.28678789557482
317 323 437.5815890874932
324 267 12.724141097851865
322 498 142.59372984019956
32 356 22.20862005901089
122 214 563.1308948209476
188 123 0.9419726763157455
494 145 147.88707654333285
199 449 249.77516242139933
130 313 53.39723731100552
451 496 205.1995268105873
371 179 230.1292551980462
185 246 404.81465872571613
464 77 751.8172279449723
325 491 556.3404011931252
268 352 493.1081587177899
399 137 247.4892426634955
4 58 179.33523369570247
310 254 38.628573844278336
383 17 407.97761046812815
51 318 240.95840579752462
218 111 30.017568455073068
318 468 199.01674763309464
127 211 41.200365011645104
134 336 485.40871414965557
350 348 455.1842296572883
101 480 52.47792115247868
437 77 239.64502817579353
50 190 574.3592558942831
58 273 71.68240548340063
382 325 270.52209506833316
102 473 20.62003953808488
105 255 360.33703197252765
42 429 9.765291960308765
252 250 21.055041251993146
411 93 122.49419047196344
74 135 45.299633871636075
172 20 754.5636732158703
17 163 48.41205139732107
17 252 18.974795525640058
110 429 380.71913886584696
473 331 20.77800234125535
251 166 189.71421578448638
115 55 158.30749522019389
272 34 40.1960264445721
34 168 97.82831992628785
320 345 232.83086457144435
308 83 64.46872084459233
223 4 374.7593156791594
246 277 20.70437569298279
66 380 352.4588472847247
265 156 144.3902087608854
355 4 745.4141482522432
206 98 236.4878739319533
138 251 277.2981940104729
276 367 188.07059187009315
177 271 116.464837845565
393 329 220.62603748353712
68 100 83.27633724415891
479 325 158.82496570592096
95 300 40.02390673246954
84 39 15.92066434565052
445 451 93.18757124647227
3 108 137.60681000603165
459 491 335.49851675929057
87 271 169.93898342655845
220 477 19.982409518866913
326 285 182.83909594733586
407 123 213.26809515502956
480 175 95.83207470329766
370 429 209.15749170764556
419 315 257.6395559096226
11 380 949.2468530001636
156 148 253.9320323733691
38 249 121.90795620772828
303 173 104.75641567758825
88 271 411.90690299706745
12 239 364.1442922787017
221 320 57.11691447476548
355 229 248.22462206141878
222 101 8.619187693976919
229 270 3.7020422514960454
139 172 30.86293263642196
238 191 78.94710528215207
135 231 171.5862722140751
79 100 169.90709943519266
107 342 63.91794769799256
22 286 360.5821837215179
453 170 227.4168555133917
294 375 29.036690209444078
43 457 307.17465289501655
33 363 216.59716374910914
190 65 225.77823618324337
467 321 69.96202292885839
104 431 205.87624232689151
165 218 489.2767601253103
450 447 191.4411492715201
36 241 503.73912368320504
495 13 186.4857837271503
309 111 1.8607104404409576
296 79 16.250668658171257
306 325 87.54880769589907
85 216 436.25553265943233
233 327 235.87741964844744
154 6 260.1750253786382
493 213 10.34126394385949
213 470 135.21713683794735
98 290 56.384711361266724
61 196 39.58635434981854
477 397 315.9593791034956
8 62 378.1636277179274
25 26 96.05833524635587
81 140 201.23838324519832
410 98 495.50330384623874
285 449 225.8066332176191
475 253 526.5658444314915
435 459 4.218666126704891
77 265 73.2448815050222
198 168 112.30296622110376
229 142 164.32446996942582
151 196 177.39628465050842
197 53 23.61526748239385
449 171 88.0529278766388
14 84 131.64129088708702
439 81 450.04636628587144
11 351 254.67662173784214
44 389 76.92313019728576
240 418 504.2642901254843
265 14 343.94109755913695
363 196 203.1501439888407
438 478 51.50125752161464
486 84 415.0919254861326
472 265 341.45918341598673
341 105 158.44941619399177
426 437 7.375897436508278
351 104 344.48040691612437
358 188 59.11142951615428
158 454 258.2086182844238
498 190 12.710353080927463
74 474 3.625189988843814
403 190 823.0280076892254
117 449 55.95557181178139
460 350 108.19320743485838
85 387 95.8557865290409
180 213 9.587453903934676
201 121 87.25097459130478
113 428 41.51548308869308
273 346 109.93134899374995
152 240 67.99925372353434
380 292 417.05574813447566
490 482 122.56361120674019
377 164 161.39572445126987
422 152 117.82597304283703
170 223 68.0849462759938
458 168 172.8441760968415
364 208 167.69077369670052
2 475 485.88017234129575
45 368 61.7685421988759
467 169 86.69152792422636
353 478 181.41387174047546
160 335 7.735110499909281
8 249 465.47835455876634
266 441 95.70399389070414
430 257 83.29645940710233
135 239 19.335071611870926
229 72 6.050344918740827
424 34 162.01876953247458
165 353 624.1384477086867
66 397 13.287018805611481
169 279 259.51773289947556
219 194 265.4697787137775
380 341 166.80259680745502
384 82 71.07668063146937
173 68 94.67821418631596
206 251 0.6186569954301999
183 202 1.3499778503527422
218 498 234.3887094418919
307 221 218.91707562798234
243 449 60.788877541763775
467 193 425.2983401183486
236 264 205.54797935604506
17 46 22.39606253898233
87 395 54.518093203054654
424 206 268.29385043587274
86 278 419.11695431976864
374 121 36.108840627614605
85 32 173.76786699474562
448 284 144.4235818610999
112 175 7.800385510317663
330 374 212.9564607818459
92 176 172.4533324704186
244 242 56.16858710021179
199 244 115.16682429165981
125 120 120.8665081563296
13 346 163.3295783156375
89 159 81.23805058356749
243 259 212.371491252586
372 399 468.8693760781863
165 231 15.006209081018056
408 234 118.5507004542278
382 52 9.983959049986217
26 191 350.6256907058362
437 5 188.40428829724434
5 172 27.64235679911823
131 469 43.010654143058616
49 116 130.74505804363065
140 124 59.762412275556066
114 352 169.4216032735968
152 243 842.3566836971967
72 493 96.54781480907074
497 268 279.76625019362035
401 52 226.55569065259127
56 178 63.59899001927142
93 22 140.662830927999
149 448 45.98157809350222
154 393 322.920023389605
1.7273054145682942 1.6148719574854307 1.8217504979974328 9.310665152753154 3.3257764433254158 30.57402355058464 3.7040913276868874 5.458159006701519 4.73695252095034 3.7850033993912637 2.65710324446655 3.5208271538619496 12.840831045784217 1.5532146597380314 17.369105478207914 0.36585957848654205 1.5516260373500073 29.866984348650067 15.223900302922619 5.391542534279671 15.070611874756231 5.758032638858833 22.108326174290248 4.218838463527711 10.120417204223518 0.06626384882188972 4.933483310870832 4.98836188159818 19.168129020081437 8.829355960516043 8.831970951981447 2.6774847232455707 0.14680031833538254 17.451477167960647 12.39962162699992 3.6649970035787156 34.60573724075015 7.637495986807839 36.54445665850017 14.750824270587014 1.7359163401883295 8.100660331057565 20.3880818771377 4.862695104841419 14.737837366745888 17.157328893234407 21.00672772588174 3.2202955609319335 14.893600887614681 3.5206527526024844 0.03704721322785394 19.784298975118208 5.064332281786678 16.799324545424465 24.263797543045932 2.844496235847569 7.797402192524826 4.743517265025532 18.267799871207593 3.9138078629122113 3.321748930599568 8.466943005186707 0.18862587426061478 9.181369758209069 15.195155001720668 26.52406397785013 28.728597736254414 4.984376725070533 12.946425361187096 19.87396242700808 7.53161647165369 5.78083002289715 17.143470739693317 11.544621203727285 0.3555339580690081 4.229231142676515 15.785325154785149 10.732449356697549 7.032522055576248 4.506682070370117 0.09656698403487637 10.850954404694539 6.690742705658081 0.3455940174034441 21.334581510975493 1.206165424102714 21.16743798085309 0.29736863086915133 1.0663750676964263 1.7097375724675645 25.417391350321203 2.366530569543796 0.11458238837666712 19.606061828543393 10.607632703246736 5.977004211665972 5.450311703400504 2.319079830047783 7.075102363106945 1.0984207042805496 11.580650037281355 1.292612089572147 1.7718204579582628 2.9362566330307875 0.45540004892334474 5.9192811668638035 4.8448989373284075 19.962165324212723 20.87994840501302 38.467833229588145 1.863910241511152 23.297833036968136 26.95363810283102 0.2610904466389182 3.7702062520276822 2.5533797903891426 6.256880729209367 15.79283934435598 3.721350584079161 8.535979324004172 12.081121160904392 0.015259144232605621 6.34607834908433 6.784658813093376 2.530510998779656 9.462546908413426 1.3996980498544442 2.431836209318303 7.022201178199557 4.767080134654024 43.11887581192188 12.324774690529644 1.5020658834487624 0.7208396284682328 13.752349221226714 38.890207309229616 2.342095950469301 12.54880640660448 11.03699712255276 9.285862062485993 11.326977164158937 1.1668958950261865 21.72876445796321 0.2772146673265062 16.999839504429566 30.101524708756028 41.02572396897345 11.923279428987607 3.4798662774850357 7.833702401292068 16.456303425160076 5.764676705753459 18.381372879107435 22.934252403864768 2.6982257140997623 9.65817685533661 3.202189147232751 2.8105107414338555 4.796609905371666 11.825860826705696 0.6730447910303096 7.871148194370443 8.0600644120017 8.486563266941785 13.046775402928773 7.816511387492473 4.002528298202726 36.858388106759605 24.3845745595788 0.8653666040589248 0.6881931562190109 6.231243217312153 3.7407428492157186 0.7347417308124026 4.96140269601823 2.898853450173726 4.320704438785539 4.4512673561533465 5.734450579027238 1.3364501267850315 47.32565704913625 1.6601595006617358 25.059465621268036 22.137938238512838 0.427560100989881 1.4344087493146727 9.080650367683104 11.61732973207188 28.289265686143565 6.683442718710638 1.983057883006021 3.130697337928469 2.0750728551069546 4.026009763969466 4.447848516583097 41.02559992776371 4.894966956481798 11.818691852772904 4.566253619459218 9.592341944851174 3.07360705525093 2.2711126778696538 3.079597552104283 8.741315922894858 36.084904446052974 0.016030846925807307 0.7463833819422014 0.8067211500916837 9.262904723220007 0.6115054294959211 17.23413721559847 16.30662328132406 36.13963794351622 1.483216400444206 14.039302494829336 12.263530436761773 7.086946823430664 64.29407123901356 0.05985121706534274 17.372601203614398 5.600886302121405 2.0806456916260445 5.886786913011964 22.84619740600504 4.434914810285158 15.91649616309172 11.358643038541139 12.989900614521211 0.2996937754610315 46.28703092147685 12.419565212518647 6.235716863257831 24.71871741512927 20.850370278984734 3.4228011431301244 1.168462137969334 3.7614004441158255 4.284136179822428 10.201160417188477 4.281627934782383 14.005988364089347 0.21042790428809288 0.14206950667752935 8.924578495028005 7.209294036082445 1.1124240948176027 4.263510050244198 12.308120153252977 7.6146096713756215 3.009038482991116 2.3037875698292063 3.947584442895316 1.2957644783569786 20.612066902879775 3.3756294776722653 18.209533448295915 8.261895921694554 0.8202022580819467 16.360052110336134 5.216912324201237 50.14522443005146 32.27694476853755 4.341048584569743 1.9204705791217445 18.543386420475635 21.79894367852912 0.9102147293325076 12.427887300117199 8.531923049788984 15.859502747858812 8.060181555221652 4.360468958942493 8.072373721718085 5.142635172611824 21.592617022462555 9.210800408751346 8.232277460866769 20.86783106111252 14.412831764439531 0.5761443008898735 10.861321083380126 4.64677023113208 1.9797735774277256 7.83242730098196 0.8876236129254669 0.553575035891469 16.464264886033916 1.3304251077610512 1.3813835060278281 16.1025813568483 11.75637246953954 7.273454560371928 2.592887566644506 11.561170690507135 23.03241870426894 1.9112429330450968 21.811853895499077 9.13054558991957 19.237552881538363 17.663773982679775 6.148297830369848 29.229965917101435 2.1929050219637385 11.480168426480725 8.179418899848102 3.945977418297371 3.8162874453537676 11.004094833762627 3.5929430024213405 4.364440087966061 34.07022586233187 3.473158975006643 9.167097905994394 5.770943958978791 19.598216757931016 7.206953017073024 3.858030645457095 3.370580196257494 10.560937668456383 16.21753549670174 3.991917483139252 2.44065174282324 4.227179608517802 3.1339923345830876 2.711506703302846 0.47381859464275544 17.419853430622158 0.7269212723750171 0.31047427100838104 3.3820745327533865 1.2838475112524736 11.854912103075266 14.57866536177149 14.217103299206526 16.178755878168847 17.785528871502116 0.96857766232063 5.224162409649162 38.48080228395632 7.404038667315932 6.493763863318854 1.5763478155116069 5.6303877364130175 1.4639570249440934 20.299826486618237 26.566211652504435 8.676291878945626 4.331399833483635 14.527731858557901 36.873724631476776 3.6850350852696483 23.555908521757626 12.77843288015397 1.271290482451832 35.2863857001296 1.7756998030736468 14.565316104641848 12.701254854519636 5.852239616277753 17.266566534643484 5.749933646625482 2.623286610023994 8.672028889205261 0.9197965837301113 14.546117265430452 12.932241994751418 1.3061871702657584 8.04951048636685 35.749759882107995 0.2659520527329845 18.09993869432253 14.37729718311413 5.972790570843371 27.062663188513373 6.909277453801067 0.1563314274478138 2.462230787406617 1.5544899654396063 3.402488407978457 4.804995768611115 0.5437077324569771 27.178148262105918 1.674482976853788 2.0345105428795067 2.8649444721350257 6.6738125020850925 20.09022635455997 3.698813036210077 2.8363289809364827 25.230479318659476 10.647370033935479 10.68530129402739 2.668500265084486 8.008415855617141 11.08194123061944 18.954013631057965 3.918956868772696 16.51323609776079 19.80258591596697 33.9159450144975 38.6581435876427 4.454507304688823 5.571463652120925 7.626520398274016 0.1479128373599079 8.920988157904313 6.938362438373282 4.61879003097388 15.42284706225739 5.478847997697576 6.860172656406833 0.250051822622814 0.04545809868743939 11.797997578474304 3.017172677589539 8.868880083754991 0.9118995418659688 21.704758463503737 0.641386150237935 7.032743702410613 40.16833107088832 22.892361498522902 5.67621317094317 13.250816008106195 0.47104073935144436 16.076887298272588 23.3999641764363 1.5187730965779274 15.336625050230463 1.2622484621835925 18.69333180510668 5.246392280248316 0.843243017929763 1.6511036083120367 20.876734350057752 43.53501971572005 35.075236605766065 0.5651868066283512 9.402036627835837 11.619412857235423 0.05478129013371968 1.1739650123639922 44.80128077822005 5.698891870433141 22.22557468211519 8.072516117657432 27.953457139654724 6.789929983251177 2.7223785179108266 9.739223690114647 12.716214088175308 0.5675209500961665 0.9572569836767176 2.0639879795804648 0.5894852316084868 8.389612834809709 3.2749409627003443 3.538000768985315 30.205924976578103 6.0448799815149235 9.038033079079208 4.344489010603916 29.37350459000156 0.38996682809988575 5.148303252217717 2.8322000574684285 10.918230536624092 6.451584010559996 5.610123980074513 29.846248872488246 6.147972972804742 3.5126077595785925 3.0760237667318546 3.2643538086748025 3.2584900420008305 21.374223783984874 5.705868895376121 5.137306329145464 0.43571402596517067 11.417681487543106 21.21686433373092 10.321640990052117 3.156494904616602 4.248180870933792 2.222020536380107 8.89463878042834 1.0959014759293733 2.0872540517534284 1.703821052191705 2.5621685103690623 6.349481255850171 4.657739265408186 11.622413785090828 35.52246306079086 14.319031366259429 2.1508594609416893 29.553199264464553 19.514654803615713 1.611404092228347 6.933352122054172
19
162
9 10 231.88349661179842
17 7 29.2270830813944
18 9 15.111008253282096
7 3 105.71729447325708
18 1 27.68790237783793
1 10 121.84824120275502
1 16 436.74136268699533
7 5 43.08193298149153
8 15 58.724777917121905
3 8 109.812073328921
4 13 36.53941542391404
5 6 92.25394239492049
11 3 235.9215854268875
5 13 92.06995024569355
2 12 248.59419588976078
9 11 82.73488929905177
16 8 7.443811877060834
18 11 380.69610588380306
10 5 313.4171839699975
5 12 365.51839120522345
16 5 673.0511484329328
16 17 117.09806852626154
13 12 83.68617539568473
12 0 74.38503132593252
1 14 5.527234918470141
3 13 239.7869225628392
15 9 465.1143224194084
9 0 114.06459553323245
10 7 186.56594439679563
10 3 230.75187071473167
6 18 393.0535917781842
9 7 154.63800060077386
2 6 72.32871477756302
6 16 253.68644692307
11 15 155.83263594300263
7 8 163.85770496900457
13 0 188.99842036521594
15 2 112.05086609442691
6 10 3.4797567705650803
1 11 136.54789730895965
13 2 30.954768739874712
10 14 37.16570467978917
7 6 658.8164244544948
16 7 98.41161213488893
13 6 28.897500898621466
5 1 191.57927246455796
17 2 47.149803888189226
9 8 517.6875526835795
9 16 18.46835345974209
3 6 154.84630788410058
14 12 164.74662273375444
17 13 113.61493595439396
1 0 197.60973209568482
1 12 141.3907070774127
9 2 95.4080403701719
1 8 112.80021219300036
3 1 46.833541436582216
15 14 429.1548983033235
6 12 28.098360778730385
18 16 6.55304140977042
5 17 103.34860400267381
15 7 27.01304130294078
14 16 45.85617574072132
8 10 168.6683000778641
10 11 187.8165799239135
6 14 24.475597343254393
12 8 256.13176641579884
3 16 36.81312291015409
0 17 27.565446196878057
8 2 50.76960892632775
0 8 121.03250800204302
16 0 46.13541952538551
8 14 54.673797892407535
8 4 37.36792000945651
0 6 126.58243719571001
6 1 32.575577641784136
6 17 146.85581671001688
17 9 251.74634969873972
4 1 126.86104514767295
13 18 56.64661876305265
1 17 45.750712316590054
17 12 25.52686187445329
13 7 0.25695218294012034
4 10 335.5577947633046
11 4 174.74087805317055
12 11 17.117864732682335
3 12 79.00261346816315
7 12 92.72401134891398
8 6 32.235835516486034
12 10 178.44946836444478
2 18 264.6673165234427
14 2 21.547589680513155
16 12 671.4348244710877
11 6 4.925803947419995
0 3 134.79653610936106
0 18 555.0715807668337
11 17 9.163803360014963
7 14 82.80736625995172
11 8 68.02040107510197
5 9 138.39927445586042
7 1 26.06502812491472
1 15 92.13622943102395
9 13 2.0146608296088804
14 5 90.8499163768412
9 4 158.12890186730883
7 0 131.9588262030346
5 0 221.2350666399422
1 9 287.1389696804013
5 18 329.1746233278551
5 8 494.49403527195403
10 15 93.64545375953888
2 11 171.92267061812
16 10 225.4044184460767
15 5 146.7882124811496
7 18 248.49191358021244
18 8 52.285625619651164
4 17 36.694957445975106
4 12 41.50238537248927
8 13 349.74749145207846
4 3 106.49923439790388
8 17 455.40059720932663
4 2 442.7658384256626
2 3 315.66672718486853
0 15 375.01359764517395
9 3 298.21133804379343
13 10 30.283916897825076
6 4 128.7862906076083
15 4 5.456361320075081
4 16 76.96835038315687
18 10 452.8110774537783
13 16 217.08560876885988
3 18 236.80238893557544
17 18 75.80321544100845
9 14 3.4019798285231806
5 3 259.3997244609648
13 14 312.81524623471233
11 14 2.7790661079527093
17 3 33.51279979213161
14 17 214.7153861294312
18 12 75.94019738878801
18 4 174.3352605422181
4 5 9.882340895113217
16 2 42.348977648413985
18 15 1.1356931450866785
0 14 177.4661011059746
10 17 109.10722109883386
18 14 191.04156407359574
15 3 514.9716198279439
7 11 816.657826152936
2 10 121.88194959048073
15 13 76.84344532576972
5 2 2.144736869857419
14 4 331.2065799377623
11 16 53.23756187465498
6 9 10.214191278059563
11 5 385.2189565654629
11 13 607.7142069355508
3 14 91.4574143204378
4 0 176.02815984193222
10 0 204.68977292203027
2 0 336.1859101240294
16 15 138.01030708463958
100 100 400 100 600 700 200 100 400 600 800 800 500 700 600 700 100 100 700
