500
1186
80 41 122.563694806639
493 334 29.49715616673832
460 192 121.64968339350483
311 436 137.93298636686504
223 265 35.79523183438557
356 447 104.79425730951193
325 184 52.05583823290185
135 350 253.96838037557518
223 92 68.47443631505934
269 413 63.14469464006351
19 307 97.74897379720116
451 49 47.05187514553368
220 465 3.0130416157438757
275 222 197.9045010886758
493 478 180.9917394547599
256 471 365.5638701480558
299 78 64.30069318624345
164 176 144.45809838401635
145 186 190.9445613755107
150 167 443.36525896487717
349 203 166.32920731915243
394 86 35.096787270717435
444 408 180.09791709014397
396 41 1129.0011082900537
288 158 221.28809095169396
490 133 250.13090964590407
307 106 266.3258638043603
371 269 98.12228558453671
159 206 423.8066027758939
461 366 457.0283695263078
383 454 181.02845448782256
355 428 35.957600892746
352 417 18.19357899810961
461 47 299.46870822548055
121 131 7.699355542945153
467 143 439.4393711917745
243 330 92.43574338980466
321 386 124.66252762305182
395 5 108.11838154434028
358 221 4.729169999941662
120 80 68.93934964892676
240 132 220.7886734767032
235 145 311.89760477483225
0 255 315.17259640982587
53 457 206.82647852372634
221 292 22.665801784159115
183 223 150.44820301979394
394 299 32.18671157036298
87 437 260.52001960592827
109 346 185.8420414268599
310 497 170.28749582734736
231 490 200.83807407652534
136 497 79.8416926029393
372 334 573.0659290107316
89 124 199.59184529599844
464 329 26.396880559308293
353 51 127.14522011676144
488 24 77.38384719917708
93 170 17.252393994395778
463 291 177.42160419308587
21 119 216.09483595611613
59 83 202.99398520510786
329 201 1130.7698183574487
300 20 58.59087000451469
100 291 343.22534546919496
469 237 208.70392750318015
11 423 210.5334698942565
386 51 319.80951323322637
55 323 70.06277686456974
125 326 119.55349606610433
188 351 39.63949087578047
47 264 132.02024460162875
403 123 94.36158246289318
488 443 231.96710450395847
286 484 139.53963803932785
247 216 125.94686714980081
127 88 150.9176792137586
280 9 68.66721197465895
488 11 138.35758247047616
17 471 389.49514648504504
135 204 29.536735100918083
413 99 185.27376651736492
251 492 133.12355472024836
237 192 125.80553415217135
356 443 402.49870653363996
311 238 46.0967236917682
310 489 103.10136386091531
229 479 201.62533709352712
348 432 639.5880440756324
430 73 373.1417132895637
133 17 319.28300666605026
167 272 489.0098906729811
400 459 196.13364900950106
395 443 119.28197864300938
64 161 185.10560316334173
125 88 445.1473555335639
104 276 111.40959611105663
240 262 68.91559278003432
207 112 550.4575121946692
26 227 133.6305431214363
482 345 9.366501049990292
475 113 122.95545008987932
192 406 71.8598050507737
391 406 121.66273697046152
17 207 1.8807423370396554
173 356 13.624596376826895
44 75 26.12873482813822
158 261 126.05092576932991
1 226 3.031546059943773
232 308 154.53671964951624
470 127 38.31521878146397
77 454 130.5035112535456
128 225 42.84946150334433
435 189 64.01917319625808
282 388 36.51260585565971
472 474 317.4563721595102
261 438 276.04695203730563
386 380 20.16558901963713
58 267 84.92045175141133
334 120 699.718728124261
145 185 418.1300908407484
439 492 122.95794104623496
183 37 819.6367104609294
486 106 612.2776461405381
412 453 347.84842837303535
371 306 94.66401236026046
319 139 94.07844114142927
196 117 399.88955780918786
103 60 74.79482065014743
232 427 643.1893038458959
252 456 471.59195904515974
305 328 325.9275152697099
10 29 34.3174605527603
386 341 465.09466885148447
246 112 207.99467269451378
492 12 249.99284476813432
440 245 460.10336139249495
18 493 256.75034217723953
456 243 221.6064737677614
434 278 102.64551570016374
332 370 106.79598924038922
421 80 13.985057485095206
363 265 249.7756037704467
158 301 134.5503500463668
107 421 3.9385124334415322
122 418 494.6227513525775
354 16 25.623433721279227
462 32 49.157994321177476
248 286 86.88925749060718
422 497 21.78225209259663
154 201 0.40907543187365064
342 447 273.76880602946596
237 323 78.93748817820934
95 254 35.41898974971588
233 396 101.69970686104404
350 200 353.849573280554
307 74 389.15944518707227
29 66 24.26991857545432
108 371 344.2155946003741
369 361 147.98575310141104
345 429 203.44468561726652
209 76 141.1736854448634
92 299 567.0209306042326
249 448 368.7520051696039
311 432 33.193629393963725
421 181 225.0810237429452
36 402 89.6813530718004
268 457 39.03676667404953
134 216 71.15781890802818
201 326 576.269682765332
3 326 85.23881316166246
320 398 178.8808917572391
296 362 125.6445586039586
444 202 45.38936390301677
491 32 28.818796963101857
191 22 5.854207406393451
146 235 202.91897095895592
235 441 27.260438281036357
448 171 537.9218002732888
236 443 477.50702740158613
430 144 28.529869680285135
313 117 15.8846606507596
218 378 7.408050798098883
171 285 137.08890508754655
82 398 475.67838264788736
196 58 176.21425741440612
395 91 155.26904023998026
97 187 750.4587999959197
498 69 467.18798372227485
309 391 52.781039756839995
195 402 816.1072604410275
298 173 27.106949561838956
266 499 365.68763143219405
54 193 164.0658186030061
480 118 507.30154209810456
164 301 15.420484147347995
246 274 622.6180049343341
23 226 242.4531481702071
456 61 323.2733271773667
18 384 229.49286667033428
345 92 225.7854478060469
149 420 71.58596514889325
291 125 34.554295609942265
245 134 5.037511151084163
109 67 102.07539892953379
82 338 1.2880304039873993
235 87 62.587491683197086
16 404 26.787406495483012
2 335 55.414872351565336
221 285 52.58795090361903
343 453 315.5805503192279
406 206 863.0137057392764
138 233 183.79099512339775
414 210 177.5545812626886
175 310 317.2807015352726
137 190 379.7441271823721
355 491 43.64639586784097
260 150 120.88730193630306
379 47 16.495692016086956
345 5 40.887066558833624
454 78 58.40302013154448
220 342 52.81979178857925
333 446 87.12919892108903
286 203 40.81854009818288
136 221 360.8955068847429
8 364 124.76591248602963
216 77 267.30440944761796
457 443 191.4303365943317
136 242 35.53519840181253
122 109 570.563439377915
41 92 149.82580711634768
30 351 134.059440397941
421 440 509.07244796372015
240 329 225.58080758390867
186 242 230.7813829950324
486 433 12.9336177018546
322 269 61.30764607794694
315 381 181.2507054731741
160 360 25.577640399889606
324 253 153.87374259979464
38 424 115.78240207707854
58 147 51.02064568766399
317 49 125.4867713258568
451 127 87.10301125597493
434 204 290.07864492920424
356 458 38.76617525660696
428 384 236.42413042240182
49 348 121.45655749149356
57 106 589.2834249385104
211 175 49.21140766245648
432 196 191.86451125461443
171 470 926.2560087651638
303 61 176.60121982190117
379 371 384.2682017981115
364 289 11.725174843662419
227 419 465.8661138699139
105 42 16.110272321579544
141 396 325.36404901964653
350 404 39.026599164854545
197 169 178.8925507752199
475 435 981.8724623475312
464 331 156.60240516871187
199 258 71.8768949126655
30 441 75.85270315444012
172 127 127.57110551238175
255 160 12.439539550032967
465 166 80.61535365444034
91 314 79.66461250183116
187 112 19.43920161087419
483 189 75.68433439646606
473 484 259.23851223738916
342 319 304.9785255397418
139 229 42.366532312378745
93 4 124.76774126343496
144 5 451.45837535656483
104 13 75.99418704101637
62 185 185.40744594648504
414 454 313.62256757574875
487 408 278.3684523985817
231 155 396.17633517082555
445 65 95.43206322523761
174 382 112.85433499822597
472 451 25.68942988030896
453 6 198.15869310939743
239 294 10.539162637203866
187 468 103.11568024321056
6 282 223.8133319857633
347 372 107.68099394385074
386 247 255.2349833745931
415 249 43.81251734891472
19 92 9.442176148549931
492 389 101.78755562822599
260 244 71.53959488959771
308 38 29.456150435376454
171 189 384.0348050317886
356 91 62.58748411155158
203 60 712.4047972769052
154 75 5.973793647524458
429 153 89.86678444075112
218 165 39.93861289217298
165 371 21.172710382353056
80 396 34.61469596002772
242 332 232.84430261827546
164 316 59.95161841737095
202 163 186.25845186178148
439 0 154.34088365993603
247 201 143.24738247566802
182 476 148.8956653756465
372 145 5.764416339795369
396 492 112.20438806958393
391 461 123.43119281132127
303 95 1.7502586953654826
316 11 88.79640663835856
355 441 169.13604459447978
22 192 140.4535643058786
474 20 119.61270953413974
38 153 2.421330208312348
199 284 44.904552816342616
418 498 512.3828351167091
471 456 124.72061567564612
107 448 44.346681832035394
294 117 684.9836828828111
375 202 218.39281164047284
108 230 60.494684180178005
239 192 79.86015327571207
325 268 4.609706441986665
354 494 44.52717150512705
367 26 6.6164547535906255
351 26 4.778904712199873
198 57 34.783671461044705
299 306 65.61757660587237
228 476 454.9145945365167
407 351 277.615467918948
61 136 198.07670363370352
82 203 91.92749222311946
42 394 425.4898374748286
476 225 21.331079342221138
431 298 95.80492282323135
143 204 433.13149071684717
209 128 282.9655069595249
109 88 52.91592395703532
399 98 369.64748811176383
179 181 332.98577169846027
163 377 246.34136992018446
231 409 11.16410044947515
63 101 838.0755034576898
297 299 207.13025640744144
331 474 233.24856197676573
365 405 78.16033407108606
67 478 94.5279651144995
367 439 39.893612057999995
178 485 13.172747546236366
108 422 494.3350201341673
454 126 28.314529273442922
264 82 11.78939466338335
338 87 176.68785482750934
331 395 42.17857875228781
62 364 32.97914809916872
32 298 179.2649219422026
2 8 4.697919387293526
156 416 155.69439532620223
190 157 365.512150242404
407 282 634.4029045194125
317 395 313.1758347202527
305 13 521.9670876143551
21 203 147.12955666279518
431 229 91.32071936278815
479 271 313.6805765286779
439 69 107.71021523914368
8 62 33.83976983419005
298 374 156.63065297253553
459 285 50.495169778900504
222 394 74.09134124410635
240 311 351.0014406176176
275 488 163.83447389590594
225 41 553.897089095805
178 495 81.45022247013031
18 205 223.20574858412678
59 385 139.840174544961
22 133 257.4695771906177
60 25 210.25435066390972
485 311 135.51210291177514
338 197 248.8877252131259
199 129 1227.360985293262
180 471 264.5950286432997
170 390 107.34209526167487
428 354 232.68183680690072
173 141 41.81865441108622
449 339 304.4273406036353
259 110 58.573210045167734
476 78 24.801819663362163
168 200 568.897250092781
86 74 18.39032514771565
142 20 279.42781863544724
242 280 41.004052386519454
458 164 171.07949895300774
71 490 82.34911395799696
265 447 37.15739607086107
133 439 4.616630413469311
86 294 178.25815496850734
309 211 393.48509004179016
55 101 305.7581994844868
235 122 99.98442426324407
188 175 44.72318933974507
456 432 112.69163441624319
294 231 705.010883369728
208 348 126.04849200477246
229 50 442.51434726652246
117 144 336.26165889354246
220 480 76.13840273447111
367 335 265.5096446634294
259 485 89.98816604356008
45 9 410.4743234200759
425 114 349.4982401743369
339 440 450.1013352075612
168 118 374.5595678968979
180 136 250.50447205992407
262 101 233.28089404702897
165 189 387.70178107786404
482 96 212.67261477856212
315 269 13.364798648583932
461 487 50.82760686880242
183 231 336.1144376167665
299 75 7.260788196623656
296 155 260.06428880896544
55 282 169.42767694177826
31 397 258.06602192283697
243 494 383.6716843201672
108 363 331.097720989634
385 31 108.68810490190299
27 192 105.12350871783286
138 97 89.8117650480509
283 316 24.384329819473287
74 462 182.3416837202263
140 101 492.2870583781984
23 427 92.85959124054423
480 473 717.5944857348451
294 41 194.77885323203145
178 457 283.1231763903855
239 290 103.95359542168976
139 339 167.48411174999313
419 443 90.9231529893162
217 418 23.507278010900194
443 405 8.822900401389726
486 385 287.7104138555976
364 377 449.4236123882075
209 149 14.22275653847036
185 174 143.1294565446089
208 399 66.29562171654759
384 305 28.047274146583725
47 341 194.87104552177843
107 216 264.04246629578023
435 400 14.573573371881887
18 42 108.22161654145883
253 469 22.065470679883248
251 479 133.49916088912497
199 444 196.9876211660907
68 284 64.23266142195646
268 440 114.81071610350342
141 435 6.192498588150768
303 448 21.417399821039655
135 476 182.7581970031471
189 275 232.74625238829395
456 3 157.24853952614558
59 89 843.5580385842524
153 46 82.23772472293017
58 422 20.919619793968394
470 484 6.538890296950682
80 346 65.49292012448338
211 302 40.7854398583507
156 40 662.2105273379984
352 428 392.07790147986253
282 396 30.80038054650782
95 381 45.142763138761744
492 230 122.37288424465966
473 451 660.2428078610421
484 320 27.820474981108408
46 400 82.9930744222968
473 177 343.84495715810755
497 103 426.16909537254503
409 432 69.86746952875598
99 6 270.3803338067425
461 3 10.44065207111116
314 498 31.293971802653186
87 487 199.91468450798274
134 257 94.36273001666146
181 359 201.1891574148453
232 432 63.75455852211645
70 138 155.0023191733608
380 260 858.7492300341182
152 317 229.08346189297197
330 303 164.56715218896397
10 142 56.955918346504454
75 236 169.66908521794704
4 80 54.45599115644713
451 142 21.95869848498164
38 157 116.554349932534
334 115 206.87451584608175
248 283 122.31008833415386
27 113 5.212756665503822
496 328 188.78499674464538
442 474 64.13897761303355
220 330 313.682407589729
226 299 229.3985851340305
422 411 5.0502288144278
363 55 148.81395141430153
93 178 80.22072515124967
324 114 248.05440222161695
277 268 179.3106255038811
154 269 51.93252846017343
472 385 574.2373339682363
244 109 32.63257280896638
218 322 65.83604802783282
226 473 42.33059865242229
219 419 531.2892683504045
327 437 150.69400487482645
275 382 48.85855275715274
58 452 345.11856505741724
265 331 123.74253187485029
149 123 257.8233881522451
80 209 9.748522185540356
419 406 474.17170564712893
253 327 48.20358451789048
50 260 203.136423830713
312 231 213.7916929215133
19 330 231.01703584801555
441 71 52.670222721583606
13 120 46.216417698075986
291 19 392.54937346901914
211 12 236.10347009962874
335 220 52.97504115598433
89 70 11.187898283400335
122 353 62.17645224177324
446 457 370.8206567128019
103 190 68.3591280981639
261 60 32.01926585889016
47 166 21.968508364171853
64 332 11.937981950353016
310 50 6.020617588325755
422 301 32.39307836458909
87 78 100.48717155640557
342 65 88.91407627338775
56 176 69.71609719803142
38 106 317.1356552563108
281 385 180.8560604891575
334 20 255.94954076316375
92 365 129.74612426847946
108 162 144.13178663697974
237 56 111.15288746382885
28 156 33.04502998337991
465 116 185.3724355631327
93 371 235.227473913502
382 130 103.84814770033913
244 327 101.9305287857299
207 48 169.8514395535497
292 111 120.97698885234695
191 316 71.75619287738184
383 360 119.57080522913317
65 124 400.47319671685784
406 140 168.72118299759708
304 169 160.73233014752986
237 256 122.15772646988879
149 397 131.09466545110448
38 50 26.924342299638788
325 339 124.91036124059107
10 281 9.213935174184572
363 356 294.617110292765
396 468 484.88686921057314
155 162 452.27685088734313
478 444 2.8194853837916067
325 218 91.68059982678389
151 447 10.820047470452879
100 238 733.5947538323069
413 198 75.36346176713285
417 137 104.71675866215733
177 150 71.71805912281133
14 109 80.14576372830393
369 428 320.02915190331487
465 248 316.39370189346516
268 204 153.1267464915075
78 242 57.079889145673604
348 99 228.86214366377948
386 299 83.01474050218523
456 225 122.51362154774652
323 222 28.315413269251323
69 101 352.92092267115163
24 349 50.02876614768634
116 226 46.77091397145865
310 360 215.1382147262887
173 162 730.3155472617474
183 487 85.8452915698438
289 257 167.79429647302652
343 356 10.989534582103703
157 271 268.63052852933606
198 26 458.8564680067432
473 265 277.1672402652344
386 152 651.858985325412
128 405 383.15552518450875
180 309 133.71209053542566
33 293 71.75577390536334
274 282 143.21129489722784
168 368 72.98519023879545
335 457 41.00485627654734
482 243 133.14624852221897
63 233 62.96277515497929
102 371 62.79104317697779
43 328 384.31874040332985
466 9 205.78278069967797
281 218 695.9214301438519
391 478 139.94759245324659
115 343 14.43067812764306
102 383 106.14273348212086
25 205 11.656837967328457
83 325 201.32345121770206
388 7 57.77882675257031
165 181 104.51363359477082
277 126 89.3429302051724
417 482 31.715268080907403
25 26 117.55057310322312
88 86 404.4374833957442
433 369 101.2449739827113
89 75 30.193645220910614
104 375 205.22668680680854
357 246 16.922298902397305
446 453 32.20086414421156
67 237 568.4949050808858
257 408 104.0867641709321
49 148 430.399593987637
75 180 114.41644572730057
20 145 111.91571444563422
276 272 10.9465100455941
91 342 89.01003271141406
112 75 94.54950808241584
438 337 141.87830885181364
301 397 192.72864303827498
223 2 571.7343396261219
15 38 310.528664275828
2 163 159.04419467846253
288 171 85.99772907214486
183 344 141.69637880866853
197 365 317.4627557626246
452 118 234.82630995224864
119 147 152.12360264231089
249 326 218.6848927124414
313 135 90.23668524654227
388 438 441.0393338247635
317 211 5.035184134495436
47 22 114.35704061513312
105 400 525.3556458295931
398 212 52.00733742594188
404 61 831.3157088378164
353 455 222.91760266895366
461 188 337.0894549835081
248 344 154.40127893736684
34 181 543.8950233669062
114 105 21.18922737558912
38 469 214.7504647302964
98 66 180.3526968959146
87 102 126.28343879747408
460 180 198.53727309526832
342 43 187.43904855962282
261 232 55.08629244575798
463 327 191.18161105994437
178 117 198.20443016238016
333 163 242.6665530058199
427 467 168.6869543149562
325 97 24.342123299130357
398 137 51.1635847330854
132 226 107.67560462520507
98 239 524.9626059206644
84 487 193.19117568912415
154 22 65.01268398983899
60 447 10.129530569698817
86 248 430.4076149547852
385 354 34.571537985849574
476 106 177.75484992696386
340 452 13.59671184666706
263 369 220.12681308495465
499 318 108.21505231576735
440 244 146.0103027093903
388 108 11.226820258819052
18 419 706.5401501605842
282 319 210.8593383549029
302 92 31.40449857258158
486 47 252.30364222856863
427 85 93.08358292195825
56 261 202.16672630483922
460 177 211.39754052838083
15 220 1046.6887188183912
187 282 166.95933471013453
408 23 75.38179368277208
160 140 32.32213091219035
439 47 3.598828285814131
33 314 222.83413822157434
110 393 324.387462894049
151 448 116.65676644931227
147 321 659.067808997037
362 146 144.47114228868745
400 254 119.79619146125158
458 210 176.73585795890514
7 442 194.28635342940325
154 263 250.44659685141255
497 463 440.88474571556696
42 82 27.02681994674625
139 38 96.566507408949
464 438 351.44452856438613
6 463 474.4406120152278
19 74 68.5692277669538
100 68 14.497901660746987
266 191 55.635626178479804
185 414 82.69924169116385
109 158 21.55389480263724
458 198 584.1960401982392
308 475 354.63701241465793
321 117 731.7609681657194
44 140 172.25268193208538
122 421 219.73136106731
194 222 35.7697662019756
481 417 71.38648011160274
341 180 71.79752737359247
305 232 85.29971245604938
447 412 188.99282716432924
243 366 561.9522087184312
418 81 255.0424340614524
30 459 21.56313784459004
360 251 247.33811086173262
257 344 33.09937839249558
213 193 118.0314803269884
270 266 13.459544967678013
3 386 6.777622884266976
204 261 341.25310172105367
208 440 7.185540515064677
279 10 83.7756951959616
87 284 227.2080685483163
182 173 6.453445793693108
110 493 14.831688957779587
315 48 721.6171582702149
498 457 38.53548664967258
413 180 118.54334072511634
387 361 367.4780361257312
167 380 162.30735564068146
145 120 141.4048109099749
302 454 94.78189940412867
187 324 573.4488368524903
118 181 15.150187262692919
350 336 376.79498890104196
413 326 64.39201049664828
108 41 245.05708398814429
418 19 179.7029448538731
293 283 157.1077252846001
296 299 210.59835772690693
90 58 89.78495007911492
281 221 689.7310502524409
88 499 380.14544322566536
328 436 224.96533962795877
77 80 160.14005529657527
70 6 88.21291784407393
299 233 561.7635679538544
358 429 236.50842208095116
405 467 418.4763980947347
19 201 98.10154061524878
260 490 257.19526031851734
356 240 206.89064558863123
189 274 428.71350420862797
177 442 16.008612875752362
255 333 21.644978504600033
127 36 486.277222001312
283 468 12.636889048367248
176 440 31.245822175137285
131 197 85.89596025745968
283 173 124.75928485641192
160 52 47.75843174756433
0 444 53.71807280684936
95 158 124.3667002560342
239 285 54.952981456426286
317 326 286.4587897423486
29 176 213.70928070836982
408 1 135.62952884579215
364 51 199.29888343082138
75 359 111.32409910183274
455 63 210.04558083328106
366 365 1.5626786425718007
175 471 164.0020028035613
371 448 752.0501558283139
477 140 471.52175856201035
350 325 29.054040410154048
94 474 27.914040164191167
337 417 214.193035759105
216 90 693.9754181256844
420 463 332.53011671228137
224 407 5.385362853622283
199 10 67.89022313938669
327 353 126.23673828223554
241 244 43.870894611798285
473 397 400.90378723171557
178 440 525.1029504280149
24 312 173.71765188750678
324 457 151.13628820262994
494 307 136.76226249595575
280 293 132.44523088365284
24 21 1042.1631147345292
339 434 975.7519124871992
22 398 329.8617821321197
480 468 192.09921602155902
328 430 236.34906213738068
403 448 184.8944389180311
25 493 757.6573648127531
478 230 330.8652149679559
290 55 61.26094021252321
27 352 147.8229466464824
424 331 42.12953991379903
309 146 149.07896579229907
64 454 18.31783638421427
468 413 180.7160835717874
205 428 354.8736355971711
198 271 733.5549754645888
256 337 238.07945948676695
34 203 118.41132860208458
281 136 322.2796855576525
157 378 14.414645184688036
457 40 316.42087414113
392 3 566.7518235112841
278 173 24.87590744228785
379 341 403.25391407382307
319 11 594.7456109713476
194 312 81.64165675001455
121 253 45.455806386019916
55 420 470.93317171025444
382 333 244.9842963613644
336 331 9.841022959453714
405 3 78.4883039959538
285 235 178.2883414507049
55 188 786.1450385583795
363 218 157.65215865938487
389 154 117.87689232791074
293 82 0.20189351723787727
448 27 408.9785525557272
36 331 127.71498253046502
312 39 98.5806075718407
140 470 62.138142947097016
152 57 241.80391771505802
218 365 349.48581584331407
306 194 167.72266498664575
165 383 624.5810101267656
12 208 34.8978587744959
171 232 54.9841697001525
143 341 179.55711786274864
121 470 371.605608868361
448 300 28.3897598673373
255 96 445.11774211601346
5 219 454.7983826760796
454 397 205.16079643028638
365 224 110.54140928566285
278 442 77.47293465071805
192 55 9.58998459560137
404 424 9.068458976068626
258 286 13.674906370946724
120 190 181.72180937165592
210 192 12.724019896828384
199 293 263.95257204911104
27 374 101.58407737040571
333 326 620.8417527715712
292 157 246.68326837679987
496 54 9.47005349219481
425 88 411.73424050846063
187 166 33.81821363448912
11 348 161.02391900841246
95 227 466.64302634694684
149 118 337.83821236824633
385 40 330.50395156210317
459 86 834.4848293555793
71 225 154.0696090021669
128 19 456.89269321387815
336 305 369.42014668020886
252 150 359.1665897955136
353 146 18.463700887825034
488 380 400.6628613948951
448 442 147.67687212483415
429 321 148.656405245283
202 72 246.53043957641967
484 384 231.07833373980728
357 233 43.349756800496095
176 244 80.57303022444182
280 75 143.28326508601015
290 52 223.92804012006593
73 124 54.99482808927674
358 297 50.167947247727504
392 312 357.7041541013406
470 349 22.983748228586325
315 232 28.26746731949865
425 38 228.8607536026612
5 332 194.46799356802575
6 327 66.83463495531431
459 448 407.8319407341363
224 328 106.67647922844627
327 470 112.30941914997166
59 104 1007.0554218921441
2 247 373.5796973208423
321 395 140.5062188882512
235 165 134.99312752608094
27 313 673.2822577790206
234 8 63.67643923198638
366 102 44.12116388977037
309 494 186.41664675126066
172 24 204.41008415415448
41 366 48.70555342005324
202 19 561.5534235711727
448 357 33.8368996275393
219 497 106.07299947127078
52 242 261.9185872765478
7 364 230.78266755315803
357 55 42.32871707319204
428 323 145.70847987460098
32 99 604.1406962865846
426 74 29.302720421733135
405 432 192.85766937428812
56 72 352.7059988141045
320 406 39.95973900890934
407 101 0.4959256959632549
438 212 260.90473495080266
476 346 16.519652955356573
446 285 0.0924269454334734
146 314 63.18493573436579
312 245 367.8376647740473
356 80 98.62924780213837
247 481 58.21171944463537
210 37 674.5059524533319
247 328 220.3052833089875
132 380 65.71477069529756
369 247 72.4384931162666
63 227 357.85933212849136
496 268 12.034806781053897
124 369 287.63082749330204
419 380 85.12439792282996
379 216 508.1249315594219
353 323 40.021232062902506
427 192 132.83945724841013
335 47 205.4228871260833
97 83 15.443177070667307
176 93 358.53749775671815
285 202 91.93904893041775
141 190 146.92859885946896
361 381 541.2117528722341
319 399 143.90528510117883
446 289 197.28314561779317
250 120 212.37412022034454
495 328 34.08095883058084
239 73 20.477926755113295
492 348 174.575401719294
345 64 181.63275221905081
304 397 48.32617336329708
12 9 125.42595625357006
430 89 44.71064255272673
22 224 368.58406855680215
21 388 66.17954380886793
36 209 40.66106692739557
296 133 393.50998968525175
13 488 241.42608540687633
275 96 125.20849688645997
429 441 109.14322422460063
248 246 119.05176275795961
160 244 25.784029356855516
481 50 366.2922984988609
363 451 189.6544556012458
106 37 142.60449770904566
163 280 35.116789684498286
69 41 149.73987444437282
30 60 1.5779265708056673
468 71 362.1541694717489
201 11 56.33486946713139
476 262 89.89610838282445
409 268 25.70413886697645
469 51 171.88515279853468
92 313 125.47061496742569
288 325 145.2889175252384
145 314 75.87314333519497
405 42 213.79359688938203
467 447 34.936995827816816
404 249 332.8952958435506
62 425 45.11794295195298
464 185 427.9852833108336
139 41 222.74595191040137
327 190 106.78576541700113
370 94 346.55077970614144
315 285 24.5126219945284
446 332 482.27470476289096
253 117 517.8461695737811
422 270 98.16021809343016
248 221 197.24605682007436
101 193 244.61188753955528
357 32 169.47784157614234
252 328 40.981740558651424
490 399 626.4739685641273
476 27 337.48005679178135
181 30 292.94033567876204
305 477 153.04702657695265
267 242 358.3486653629538
449 258 239.5154459629649
1 452 68.11070336802922
498 476 157.91532799229785
83 464 17.49757890553273
143 5 142.00152870500682
297 3 33.258102670551764
245 127 32.51495618178944
148 172 126.52675836732996
159 125 546.7223306410717
413 322 384.64794501944215
391 438 490.814541544253
77 111 261.23226765509554
316 140 331.5247962115778
54 303 331.2830552243129
298 202 6.008893250423394
34 482 104.09741769140308
456 445 68.79762288598492
148 200 222.62144685118747
326 231 7.076612623329089
434 210 365.46510883688893
465 449 199.20978144805395
308 335 333.02090698755217
312 234 299.29258568987933
325 363 23.59582639228283
406 141 712.0252729948328
480 184 12.150699782048278
380 300 375.2132941554939
482 81 177.61928051060528
487 333 100.95483776341203
39 150 173.07629108682752
482 154 57.207346414039876
213 439 32.12797520710113
55 96 120.1035350915565
423 494 157.27478226640696
31 297 76.16000762758443
281 13 27.46708916610276
327 155 234.4528963662838
26 129 33.27070241470086
255 334 3.5350243702137067
258 225 148.34496846157958
282 247 90.67997145653617
375 380 97.79728000195107
98 177 179.03243030605353
10 373 222.45816830049927
368 218 115.28646271386881
86 471 3.984148349015362
431 411 261.3147649322586
166 129 52.47140650952278
76 425 432.29059689088103
105 79 321.0434987456041
419 141 409.1380637710068
385 205 35.73940972782761
363 150 222.18399124095973
1 233 154.83224386010156
345 489 12.627396164599602
212 27 274.97977559808675
205 494 557.2171839920592
483 210 143.88550924865345
262 107 260.459690233331
274 425 19.33881680737823
299 381 325.9111755709509
87 131 193.629363102773
376 240 19.828935561366617
294 434 254.4675386446412
201 115 132.4789836092449
249 168 133.45812917007308
403 79 221.45945481565877
7 400 313.3413879088704
396 84 31.23936964474019
475 65 121.10052525612454
97 265 1124.6865061098483
204 56 98.43868918711722
286 247 137.0166306443369
344 479 166.38618609672534
483 273 220.43772766737692
486 394 12.517553557893018
76 498 124.72346347959906
469 45 192.83682374103094
393 185 548.759580201837
431 410 235.0400551065595
308 205 77.26854621245998
481 334 387.20045538658434
57 90 344.56741441363283
184 460 322.35281096324996
236 460 16.528758340073484
79 285 415.8750574576614
244 78 238.4738947055503
30 32 76.68326137655345
413 130 333.1819604984132
162 177 63.69518856484028
17 191 97.62067431767154
242 448 1134.544040957572
341 485 24.920469598947296
125 250 161.86080054303625
447 235 201.6049643751876
53 309 113.42562630925441
145 359 20.499420253509438
80 24 194.18590055124355
163 36 0.276738611505111
273 146 235.96606863021998
297 267 380.6560215766
232 287 149.8125203762055
101 283 179.74718652033368
80 265 212.2660722398349
260 184 116.17225257904562
198 105 40.47803595959551
165 12 29.96859217855887
271 114 323.52771921027755
180 322 36.79613602417744
51 448 42.819082729879284
252 484 1.757673533182387
239 404 368.8129160136406
167 382 60.54714356645459
194 437 95.58434671381944
478 183 28.959567977690494
472 138 23.999184542073312
211 164 181.3332194014368
29 70 83.53792084772496
443 259 115.07130998556727
352 76 220.4779483466441
176 428 51.754670397411026
272 281 34.35299496888603
157 487 69.11822316155498
57 378 21.652691101615456
140 73 13.841981215908191
352 474 168.34821906828148
189 272 26.085825688009585
213 425 388.8320554271728
302 31 19.274960130727624
377 175 102.81457202548714
103 108 8.536924774334908
449 284 99.34010151677064
235 76 139.34821683695927
449 450 450.3750247510063
236 132 12.669301642637917
363 167 150.89991506887486
83 11 658.2523675019057
197 140 64.22384521861638
316 282 18.428175554860818
396 437 121.07654937663983
214 401 87.87933001046035
304 341 131.15818335526188
233 228 98.62497482608708
281 291 474.04353872235595
434 24 185.75119912762287
468 185 77.43198773444138
56 425 4.265650255527972
158 107 91.43212437165282
424 186 84.42590379696784
312 148 23.92271050712413
45 44 206.76571599919725
8 89 47.389373315958814
440 118 0.5368349548068944
51 363 182.60545103449263
414 216 656.1144335600745
466 283 144.91286914129893
89 474 19.59130202921316
146 286 489.7896653407639
144 294 195.54966323492548
424 201 124.30647870680633
126 153 504.5197631892664
356 215 19.76131803003881
301 214 22.050017102465887
472 356 360.2857069229719
402 5 372.4615899796738
438 95 241.02085284125354
96 244 116.35077404826464
123 166 84.19086731404164
148 208 162.55741607945106
108 322 36.26658320208932
282 194 105.99200213921829
159 485 26.057227064345334
116 215 157.14326300667284
270 44 43.68534818418913
194 69 294.33414893705304
260 422 766.3585487982548
231 80 10.830421250286925
149 251 31.313770885450936
332 81 91.94003453476654
209 232 127.07683525159088
235 113 100.76255567549572
71 164 1.3610462067387978
157 274 717.5762760744044
12 441 375.6612231900384
108 424 213.4724606812521
333 20 219.05962329868527
304 422 209.90673158269396
266 437 213.29903156175143
414 279 126.92194301505238
1.2015845761554658 22.30655733061554 3.6869279172131537 16.036923008208813 2.9793927592444707 10.277989180045457 2.153954448147868 17.64542215564884 4.418013295130739 1.0290091559186223 0.5647103881102669 16.240807535523192 1.258926287060945 21.409145623859033 6.480741875490548 4.3992662583481845 11.569415046213287 13.587498975801399 14.92749915365714 0.533031947025553 9.667017201076158 1.539822359898523 20.884399408195115 4.483928594447141 27.495471356538054 25.445553360926393 0.6738560684976385 6.021251257331384 0.7789235816384779 4.082584020357168 5.214631850096283 9.915944521787255 0.6329157936252222 15.504871752084401 5.848542059904557 7.959366220482998 0.9652988431505227 25.033427155960084 11.766945383726455 6.83387103472855 4.46980784218025 4.969103775368215 5.805838148703803 34.1224119002227 1.0201378102225134 15.293264374993178 5.80940258914053 11.460850018726472 8.278117476245251 3.8023473325191333 3.2679351993433863 14.23591979673343 0.9601469118095143 27.941867075804133 6.512539676973307 4.615156680331972 2.432203594020403 3.464077094127211 14.310774496604616 7.082339346241026 6.326976223143764 7.592758054976018 4.306007242589238 13.169548715511324 8.48050600125084 12.17080326866264 14.803540014031181 15.670524756082969 6.192944578790281 7.000430130144528 2.8752656285153355 25.69031607677477 26.317105223597054 10.477935735744111 7.421640212826491 4.6670224674458405 7.930720614301874 24.835652630653257 16.10291346402737 2.7536017676111406 1.238799684082474 43.89262103474091 5.5106111799328 2.328039666750972 21.592661101677535 14.058062523148154 26.245585804944586 29.056123839642947 8.958724677218129 7.435731293206031 2.4373985984353075 1.4434933611179055 9.23016689584124 13.096319495678303 19.588725389524917 36.12344602447543 3.8323116564750737 3.0771884376625733 14.897303341100132 19.02351142861441 7.421978878442184 5.018761095863602 51.920374181366384 7.21388684870313 5.205312978914913 5.028669420195202 11.41603192500928 7.543102961861157 10.12772039212759 9.16800457073737 1.8472113430471482 2.1272848257289914 2.1114308481281046 5.402462926455405 6.624542131072744 2.0054270755553913 5.073875234485947 1.0203980103203105 8.30859224659379 3.8999048842387554 2.395323109805166 9.134095211123775 3.2023737242937305 9.667836871132211 11.591473555158236 16.88075987374438 3.3942326047189257 6.699831118622149 3.467367132445041 10.74589605004261 29.44153363157762 9.943778443085577 40.75213046452798 1.3017785674720423 4.6138718456685455 4.996701889212966 10.379858810370832 4.411253890042832 3.8475416771794997 12.279224497536763 1.0825492780798862 1.0408586944328537 12.062429707232429 13.940717680363512 13.668285263515756 5.200551261247057 30.607039755094764 6.078376543777701 7.937581897499131 9.8867780267696 1.8295428428754466 11.15189079434983 4.739209757662213 20.39574451409889 4.318686832097938 7.258238298050641 3.7743928391494705 18.057944089827615 51.93037540927823 14.853292603509063 0.941512310979189 36.98069204197886 22.15330010000903 9.707342658337932 12.657667664012916 2.0148111815622873 0.6449602658067 0.18942088347373556 38.27760611729292 46.526392101966266 10.511677807369324 1.4406040555201733 8.425574769350181 2.793806648026036 12.193631125262442 44.02785183904996 7.275488556079769 9.286153065279205 54.388872667117944 1.972660467817515 14.72732728954217 36.517548063274845 2.8885821155549762 0.7979052785524512 21.027518678235264 33.8078517805607 8.683461349256943 2.429923712673399 1.7129382451885702 63.045503742147005 3.9765515517864496 19.031772031240372 28.03301530510142 3.516758017053634 1.4872894923486222 10.972665997434433 1.7515674987417462 2.503678266846846 11.328047827007367 7.6141626811661345 26.990980948413604 14.229961656824939 2.2923903063744286 29.391100929013163 9.506682913265642 16.2414112138018 0.048362666764093634 4.404700614625161 5.563557133427017 42.36640531774903 10.714626670669897 0.14082001413464104 14.952055583009205 3.3312347895318672 1.2385744110716173 3.0665014931955357 1.0407644521732746 5.805317837897157 12.307117099855741 3.1949321133912005 5.135101241855392 5.314683452194572 4.56567684509764 2.053274193558012 6.786446122597264 7.639504179594974 13.331719105825162 6.306821212917954 5.510470807800542 33.88704192213467 1.7812448013213478 20.272134980736674 12.390032856225917 1.7068966102388257 1.0806121164494933 21.86009784844955 8.644291425833796 9.19518581621335 0.5579179372301419 60.7607781013186 13.443379071414011 0.4953387327321759 17.147938644753925 0.1942140723131884 0.4960618108908017 7.60954907376782 10.535426508665466 0.8896019867313829 19.896769887234658 1.900582884577451 13.198598199213293 6.541381747576965 28.053267253376607 8.811814069414803 5.163533129814973 4.359510118680298 4.3944526436076705 0.19376570678435426 8.615837267724158 18.966100332617287 1.9613789711183618 23.871803943159723 40.73483945300129 9.19402753368064 5.192379492133941 6.679907042575948 0.7317895320631322 13.91757246882679 1.5256974960621053 4.9560028518477015 15.918857944185216 15.02164952794541 35.95723009896757 15.553917274164101 23.68385887319643 3.378615576674757 1.0825293677376815 8.824358754908628 21.08117547468727 13.597228244401816 0.2956579507468142 7.378899784422233 3.6037256453062176 11.568136330548025 3.717743542953586 11.075396164230604 2.0461733103420605 6.107037653221027 4.666327683990072 18.349619394244602 6.537411836671117 14.64879633892595 3.3096144390450326 13.288218759718404 0.4510515066096391 8.144816270079183 37.09136843735327 4.909757460993927 2.3921337417249906 8.815105043338855 9.85288332531117 6.358302589004374 3.2569621427850026 0.8071231244639022 8.135023146740037 5.30206395245719 4.120355483735639 3.9615675704364444 6.622118456122652 0.01792986549495909 2.973324953613975 14.884053572712991 18.092292657149297 2.534489628541082 19.39916878584151 4.652128795279681 4.96086591640583 6.0436310156158175 22.907210186706894 3.4797010517855442 10.859760156623262 27.09237082045878 0.19178901021980363 0.7666325133684028 1.7066768501667697 7.2378185507941755 4.623845317779949 1.7970801145093316 34.042613026978266 1.144984882382428 7.488743463994849 10.186677726245454 0.7542154005412842 0.5840560583630456 0.10752252068123412 4.149505197002415 2.7883146744886393 15.748785602141847 13.434336165114217 2.302034710798543 7.424673573240577 8.905602243364388 13.163652270506486 14.941482162527596 0.027179186526170497 0.4799432806804202 7.302061132879706 37.94714916019337 18.048234015022537 1.172762809256604 24.01081097974217 3.179945102753199 5.098182367333952 25.211171936837896 1.1481669455827674 0.17540552321676509 25.030580384468472 9.869721950801045 7.48145315575634 8.199448120144556 40.1016476467662 7.649376891810469 1.9226364110335994 0.5864724444684589 0.48109045374907816 5.161071101323039 0.8786299138175031 4.4004686757844675 3.075155471111687 11.919794770569654 22.585761411446803 5.582094429140719 18.334896485883693 12.703097505473057 7.604964583516645 21.69801107979161 8.484584860538973 2.11464317088941 13.520085943082805 34.697586144218036 3.0917373563603427 11.79799405739911 2.8310221782980696 0.8266289417765893 4.314586421727115 11.87200151287325 4.024262565911369 7.273099894187071 2.884752527785617 5.906775787600066 15.880224104600833 5.811569337161312 23.387377694841224 34.420821087125795 6.915978607380541 4.050541065031033 2.378670345186627 11.115464601665654 0.2804195636496271 3.7402612505970367 2.7834052789622215 13.284837963257823 6.128411739114357 8.55642958216055 8.948769978817904 4.743558581295286 12.887157276861238 0.14445628537165398 7.112255500362812 5.7673786651724175 12.066482688283969 10.937504019523274 2.3974495828654074 4.702395897222709 18.480654568779784 1.0175193328228591 1.7180749591511049 14.636314425715051 0.21042654427267746 1.7944548481798122 0.38216017858262924 14.81926718665412 1.0564765742239044 11.18537392453215 20.094913131742356 10.477683282998875 15.769018358168847 7.038479600954485 10.18392601514689 7.95986132471649 5.498401829793452 8.631714919572264 18.91124202007744 0.9064134626452376 5.114766140252122 11.728389077571183 6.538358958443623 37.57011463266728 7.081861747185285 17.18902880187916 0.4854925333195048 0.5953027576936953 5.759502557920868 16.624439750832483 16.44128375872356 6.025837537756177 7.315413275711764 8.414204900036534 4.680626098562219 4.342630906415934 0.9623849029877324 44.165290065991655 13.409009485517354 0.19069208460840575 11.393050118623913 10.310207926929678 37.39864846998749 0.3682739449012258 17.125171195441435 1.11028282370667 20.855531653907597 9.765176553451658 3.0953094234619645 2.9010401803722967 2.387384588148257 31.32928773259056 2.530209386954254 5.362054844299379 7.026048382455103 24.09961587370203 3.102908497696921 5.8738898727728035 15.415607202650142 6.036817835856273 13.976328773813087 22.793268621295617 2.43201885731247 0.8723300831788056 12.886797418442255 7.325930255447687 2.8019428737475085 2.214216748094934 9.709502696333976 32.83057978286146 7.276291272655339 1.4866181495808137 7.239327247329302 4.51155555930616 15.435988370646694 17.682685480314856 0.8059958747649786 19.32196057603148 14.300788338238302 6.907694998453245 0.8383868948779504 5.96662809043133 0.8272534578665659 15.685346213346323 24.458376879381568 20.595431265313785
17
100
8 11 144.61645774815923
4 3 25.137729986500663
0 5 300.78914847934556
11 4 56.29658472531969
6 11 46.45708831210526
2 4 258.0543712602389
1 16 259.4577176444832
3 12 228.3098055278443
10 5 489.414984580404
10 15 3.5879751983185284
15 2 19.833428127213917
9 14 63.43458866919146
0 6 441.4529832170933
12 9 204.92493325197404
15 14 239.0366531655725
16 11 283.9842894343624
2 8 441.7362758589671
7 10 124.53439484189839
13 0 99.75806508154066
4 8 384.74300035382703
1 3 37.73045420462824
3 5 95.62608993359095
8 16 152.89426001669213
1 15 108.55019724998418
2 9 65.58038806157653
16 13 102.33576996784726
13 15 181.75308044246106
8 6 270.12252687487245
4 16 13.186549457125704
12 6 97.9772774638945
3 16 38.08921576098784
7 16 273.52016083944693
1 5 227.1619618504746
11 12 85.5924563043282
14 0 227.32287265307082
2 1 316.57772459215613
1 11 47.70013039875044
13 4 19.028351385467367
4 12 66.7813710031225
16 2 514.6795719359774
7 0 411.8678573982975
9 16 107.36236900114811
13 1 345.03874561835715
15 5 140.68379775784504
14 16 117.72315232389514
8 5 289.5485116915895
5 14 162.37616868607734
7 12 111.94985608850199
2 6 14.22146587258216
0 1 156.27916163310746
13 10 222.32692679661093
0 2 94.99905729291287
15 4 371.86080968692374
12 2 73.76327193999431
14 2 42.52142926182421
5 6 162.12866203363512
15 6 341.15404659834564
4 1 82.45559139180267
15 7 104.7638584657324
4 9 9.382251950504102
0 3 6.233411254936671
0 8 44.91383056909128
7 2 23.716375336605005
4 6 187.39717848109294
10 11 214.58480606656792
7 3 52.51365716182194
1 6 39.079587694751524
8 9 587.5293172788605
16 15 92.8411738701202
14 11 380.32909836762315
14 3 4.496316157581663
12 16 319.2704770101409
13 2 51.695507344115576
0 4 154.96248610010446
9 11 153.18995648113437
14 1 231.06205414357137
2 3 12.59416940209134
2 10 505.4964033117972
10 12 243.18419601302907
10 1 87.62720957789082
10 9 153.4838487835704
7 6 277.3551036260905
16 5 752.1544079624073
3 9 205.39725686230824
10 8 44.47808181324986
6 14 61.937238422363926
10 6 97.32393014554034
4 10 179.72082658401294
8 1 272.6177772146923
3 15 128.23727643107327
13 9 53.34711956370213
11 7 100.38512654398757
11 2 107.52072581386834
12 14 471.5237160012897
5 4 131.94610169259192
0 9 366.6399770133091
4 14 260.779888419986
3 8 10.221680270306516
7 5 150.43119193339592
15 12 99.24034500869963
500 200 600 100 400 400 200 700 200 200 800 500 700 700 700 600 800
