100
1517
72 39 115.75874275046598
25 30 62.898451230746424
63 13 87.03815402456485
82 19 278.7571697530274
92 99 133.40247905568498
49 92 138.59477587105883
65 48 540.5966980647148
68 39 63.91657105445692
14 29 142.49304960058546
72 73 201.80884620550233
75 1 65.51442845265748
2 74 97.19612304268333
61 47 95.46942332878908
72 12 132.16856252985085
33 82 499.4198584050183
78 68 201.28284694252554
84 38 220.5892552295575
40 24 73.48247552898142
74 47 116.33583658648699
10 96 38.8723142301848
15 50 671.9432229193155
12 24 407.58711262355183
46 9 97.59573159775081
16 13 134.98436549227407
35 20 872.7486709976386
14 27 337.99680508399194
38 0 262.56560931140575
3 45 291.23695157019125
78 47 514.6486293763794
40 46 9.778094627883274
54 7 284.7694878059278
56 78 159.0378358003826
34 40 43.98371212047397
1 33 237.27272059112923
64 73 102.1851312691464
21 43 233.72616569149676
78 6 165.72194640247122
56 41 0.05186739095336933
70 55 9.081709966928548
3 79 109.55049332782497
7 29 59.299283565747594
60 87 762.3384414511678
86 87 61.513629737571094
10 83 91.5992950194334
96 11 251.13521304638934
18 27 647.1230827330559
45 18 344.30228174556873
83 22 193.36133979131256
64 24 57.47300231362543
35 40 58.615299097336674
94 11 346.22459410906555
77 18 196.1426281539457
32 71 484.92836505246856
55 56 605.1595952848702
49 34 544.7475162652355
22 64 121.15317255488836
59 68 251.49969297181855
86 35 188.08364168682553
31 53 13.22761598176606
73 83 47.32650480509569
0 67 77.97238980987949
14 40 451.6621374603561
91 28 11.270836109560864
38 48 275.91080046777506
53 79 57.10244375148525
6 9 146.46428674495598
85 96 142.06429443009847
14 47 181.34774959675474
85 27 224.23485712569965
81 56 269.76507511034384
52 22 3.748079795890185
1 93 712.4596559506299
75 26 716.3810749822436
55 9 139.80543942999043
78 80 286.80417072181876
14 3 9.528889850108712
12 88 26.136361083371046
74 21 422.0335571097797
80 39 389.3527083502056
6 81 493.6305058825035
53 76 121.31239343046525
25 88 192.7588188068882
79 38 29.056929562153037
51 27 227.01165456187783
30 23 20.753577552309693
73 82 23.77253372980703
26 84 398.61846653956087
15 7 202.5380780317951
48 37 282.1337728140787
70 42 15.061298558350355
31 50 117.49626619608833
15 69 521.2660179754329
28 60 34.1298691277636
58 81 211.3829476059174
34 77 380.48917743884687
52 10 196.07767950605427
47 84 115.22982443676781
78 85 251.74208296341743
3 26 85.76016588601095
11 57 125.66530179306714
25 48 6.510102541897359
79 16 143.12650841384095
46 88 207.8444923432269
56 88 465.5038114199954
48 88 723.5798510395266
9 8 23.119603391436403
85 65 405.8213591531854
81 85 293.2227408276405
51 12 648.1676020618933
98 2 2.626335802071304
69 39 425.379680607062
53 90 120.6371030387979
54 42 22.516116662271788
60 56 307.58026827712945
67 32 186.2375554691694
60 17 63.02924503320813
33 64 89.95002270245087
88 8 116.73703252264447
33 57 203.72690359000563
54 21 557.7144108426828
12 54 0.36112912489316507
92 11 421.6399175060695
81 9 503.22075647609773
74 82 134.61180277775077
5 52 64.42863342840901
11 22 63.48483430282613
9 63 123.21793200009283
38 5 739.7641297219936
21 2 139.73634129933404
56 76 43.163853155823396
33 45 13.707597698313917
38 8 6.370155341164624
87 59 146.08736655107336
17 81 7.007212720583424
33 66 428.673776362935
13 34 410.0345056374322
98 48 176.4822264150751
63 81 121.056174826205
25 38 142.0113509094713
0 9 16.454800046212068
70 60 142.65299968935489
60 73 13.87881709376659
51 4 30.56512892758138
75 29 177.76029805369262
59 13 205.9409100184166
78 14 66.39615141136798
92 72 83.79200567802039
35 36 159.28117708069925
27 57 148.845380793661
49 86 77.04675816653813
44 16 171.1158344112711
0 28 6.364263107434227
11 5 86.03460106178208
89 47 84.85472910116928
85 62 144.6034060008673
69 53 30.62953891895409
23 65 188.98618661582302
18 13 21.71396106674129
74 65 232.7186575717539
75 45 112.68843270622617
91 17 175.618794094917
75 38 138.76199147756165
26 51 574.1367474627657
6 29 802.4314213529547
36 23 566.3871594113424
66 15 128.23477068859316
60 30 191.75274328760813
71 35 30.62276527283646
59 45 230.4357363232118
27 52 42.829672250577616
46 33 89.61377919893184
38 61 204.64476165007392
11 81 113.93590043816772
61 13 57.08328172900136
29 79 21.255765918405057
16 87 204.6239402005578
2 22 621.3536206639818
6 13 0.14143993334093827
27 96 113.8880153987989
35 30 532.0312897947707
32 17 48.802674352535554
77 8 44.39809851246221
49 77 1115.8392607397252
76 31 268.8157246814958
85 59 84.29438102366255
3 67 319.7051763099648
40 68 178.99525079732308
49 9 724.8735887801387
1 53 754.0057205739319
99 17 203.70160460643936
38 33 57.99356318751824
48 57 18.599371309999878
56 92 62.53230895416062
70 93 220.25084131071324
63 67 88.03680534822851
51 80 783.8905339755003
50 74 282.8084541135395
68 10 96.9255336947105
37 92 244.403951455798
6 50 510.3735772623394
25 33 191.5380332936639
26 99 71.04992184882512
7 4 949.7233825094611
1 26 338.8611619761054
62 74 86.20819650366
32 41 59.37623146923412
70 58 108.95084276058111
74 55 262.051920949345
94 44 354.6914157883055
26 28 193.83229356090186
13 33 87.6195247864111
67 78 820.5782475542319
97 53 243.05827882032335
96 1 126.33597942859996
46 34 261.81922073894873
84 79 362.3935817253352
93 10 179.22255705531208
78 45 31.21643763666678
78 26 212.06737886575615
49 31 37.38561055621957
57 31 42.961291583908725
66 21 261.6015887217477
89 98 13.453053939395923
23 34 103.02922227929639
9 89 86.53607606658804
48 51 56.03197819504039
52 6 156.40468275539197
55 84 67.14449450481071
27 93 106.23508917926061
65 31 233.95275036128825
63 98 292.90448667546576
84 1 105.98971989485386
28 25 220.61204435731767
66 98 22.665492399987905
24 42 42.883048464906906
37 59 64.48565030893757
16 54 144.60804128145276
95 86 84.48291676020128
4 15 131.42360814776885
5 58 507.9948285748027
60 29 186.51525457697312
87 79 392.7248430201842
41 38 13.716630900686757
60 47 3.3623199056011437
69 57 111.50625803304612
78 82 261.752380207622
4 71 16.873274540847717
11 53 173.88120404709514
71 61 466.83585523449807
92 74 214.63830186748473
28 77 201.68253540948555
72 33 131.91225767138332
69 12 104.39857289270603
36 63 112.10874728343856
92 42 154.00816318115213
56 93 144.75837849534958
37 9 74.31482507657272
97 41 268.03467165037074
28 61 132.42400134770168
37 96 233.22688742025088
84 30 352.14357351061625
19 21 226.597349375986
11 82 11.228736970740252
53 18 110.77066927026982
98 37 205.04586950247761
42 52 643.9651483878247
60 2 47.66111923142705
71 69 246.58897189232496
50 58 88.82933707774761
62 1 265.03775897810533
74 56 31.858359747429105
41 29 73.37370584672178
62 11 420.2098828848855
29 2 2.992424484622262
12 23 51.328426118761115
25 31 50.12645527031747
48 23 204.67177991474713
54 49 88.29271086463831
67 94 82.8404345679225
24 62 73.3983524045634
17 47 125.78105220157734
12 14 175.23603558299465
77 14 142.28749628292522
2 80 165.2046664001434
21 89 14.419318467674064
14 71 255.17916723055146
26 24 13.29000314675704
3 0 475.36971784690377
17 83 67.14596137145857
13 45 185.4655391041114
44 40 13.284734638965098
0 56 178.32205820672326
36 8 239.3181380485037
29 5 93.59366502847894
55 45 487.3031206531916
56 3 163.38243783220503
13 40 151.4675071175568
25 57 438.61676423754596
52 65 566.9336462759314
43 15 778.968923612586
80 53 364.52177992395013
87 98 219.99989367480092
25 70 18.713575965826664
2 18 411.6020067635235
6 21 176.51236191432028
86 88 902.666474658022
41 27 139.38881398762558
36 76 392.48449036248275
21 53 348.4663998134235
76 82 194.62476846530257
14 24 24.82636496727625
50 3 104.5453296647557
62 2 289.9676690909604
40 57 56.51510615644787
62 23 14.72126001243309
24 57 146.15741270010244
3 91 56.01826510051461
32 15 5.122342346408571
93 40 158.71257831431853
23 25 80.09776146867519
25 46 75.67947509649709
89 37 52.62304393356313
96 28 853.9016118544376
21 13 154.48030312298812
38 47 69.03074308928578
17 33 156.44033078722225
87 58 448.08571995659554
91 11 13.960925671290205
7 43 115.64392010783322
16 40 40.071480384014976
85 25 413.34546791400885
58 20 145.60136669703448
51 29 216.58940912003985
47 21 31.61373764100378
54 34 130.40451086632038
1 28 251.327363012104
11 44 78.14106108439852
73 51 330.7537198456514
57 76 252.68458395747356
85 4 125.95249251158458
3 60 73.12129523251774
17 54 45.328183414064355
94 59 126.81713297878797
51 95 81.51000818903253
24 79 475.0641100525455
58 57 124.34660584213044
77 83 266.80806221909455
54 83 382.43412117775534
77 12 532.2140735822503
58 39 21.64500529714102
92 52 104.83586785664059
75 93 542.389559845092
91 63 129.64593234255108
50 63 288.3065016081567
65 44 42.04716850836256
7 34 203.2794075343697
98 83 222.16706359532213
10 24 34.00000465946928
42 82 4.0273926571340875
97 55 22.670842768342244
45 46 341.7241270000044
55 67 7.997484129907134
58 72 13.628119083678818
99 35 58.60303916961014
87 40 217.06907896689916
40 29 801.7779510943715
57 99 138.6458956098798
9 85 434.57741767099634
91 62 219.5780563520751
59 28 150.49019202144655
80 43 226.66079080027922
99 53 0.35588994325137663
91 48 172.46884081458157
3 99 172.63948944607608
43 85 237.39192753303263
63 93 280.78655755607684
76 91 60.56613184216548
55 17 62.261240601897114
78 72 503.06333207820046
27 76 18.282956230969276
37 88 307.0006319687899
6 17 102.79453122192001
56 98 96.98638038381515
30 87 195.7422743311218
53 44 305.1305579853952
75 59 94.90342019695662
20 89 465.6951953937604
89 57 139.8983485681442
15 74 39.12398617798581
79 57 19.5298535627255
44 5 373.3867353226185
21 71 322.9209321290054
90 78 19.970727622961835
79 95 141.80971158261218
51 45 171.4022180652211
70 31 20.19110147447554
45 79 495.28544576224283
23 40 114.55612338214036
23 15 402.3061166418881
32 25 809.5903125455256
95 60 219.85407265549287
38 57 0.9009803517639162
46 61 725.6092761847061
27 40 552.6641112979493
22 34 987.8202706115561
24 72 318.7208055925126
84 54 270.9555754371442
45 44 346.52056408369987
97 16 102.03514788819854
68 71 210.93824688591408
23 55 64.34356168841695
25 76 158.84286890394281
63 49 213.52484106931357
75 79 283.3025699175638
75 15 110.8137463874981
50 43 952.4687725193809
92 94 513.6442760892129
87 99 125.06340475008957
80 28 167.5633470601011
97 19 121.37419890915344
9 86 200.90350504893428
15 78 108.52742250523661
47 15 274.2668105776186
88 83 514.977637047263
57 72 459.92431592997934
35 49 519.9425800020637
77 62 9.579331425537358
68 45 197.83135704956553
97 4 728.4178264884407
38 23 113.54090584286322
23 60 395.74870232428384
90 25 533.9050836844069
4 74 87.63521868107208
72 29 399.01620579312754
98 95 499.5067659561296
6 63 62.00716700025405
56 30 125.5663722804355
49 96 61.203620750095936
46 87 71.38910357679478
70 16 207.42243557966273
51 0 115.72396291843145
23 96 209.66921576705997
47 8 111.21993839199753
73 70 43.675831634071486
19 43 433.6015291292796
84 21 476.06889453983723
64 62 186.6276917056545
51 1 47.8593067352003
1 74 858.1227433375268
8 58 452.1111869313813
50 49 58.049128640079495
18 1 833.2047118210476
67 48 151.65969932272785
70 2 60.70820890634293
85 30 60.017569441072496
49 28 335.9088341720187
72 80 65.64057382047241
93 39 264.7967681602232
36 98 157.91312565587415
47 80 13.123065342224683
95 75 50.398386871721065
66 7 270.5167198728491
66 45 254.34694936760826
65 84 46.25900675160426
65 19 502.7019696726921
41 33 108.8937732734128
53 22 48.11102124931253
8 22 596.3693285771819
64 20 202.0476101239024
72 16 621.5099594448334
50 2 199.09562786491787
54 0 194.73550717730635
71 5 426.4464285507183
46 24 18.663269232647632
15 27 125.21012291297164
78 98 3.524593415123991
73 27 384.55956729240785
3 72 10.146736747924695
14 81 415.21804004209287
13 68 375.1770241622619
55 4 94.67930145511983
17 16 306.0981369979954
45 98 129.5299168903654
60 72 20.672762103562953
56 21 192.5179078891111
89 46 82.67002907860243
64 37 286.2392080402047
28 64 65.63071691910997
0 40 113.46872353595828
33 53 382.7241808472647
53 96 262.05479450896917
20 4 215.14979880231894
98 21 278.37588748135875
61 73 284.9143662992702
39 97 80.34424981688538
19 87 281.970216671272
50 84 211.2953693980304
16 52 11.299940815430661
58 74 238.11299926992606
4 92 125.24575980192319
76 89 45.7215884655875
70 59 298.062520194818
3 88 106.65968083835233
23 66 39.86020068944914
98 3 326.78825019550686
79 14 284.58471278591065
37 90 812.8314214849161
78 88 11.223178167161455
1 80 44.44795686469929
53 4 220.04243013907453
24 68 312.6931784403332
51 69 177.183364264762
91 61 41.58029267444186
93 33 452.646416795357
64 47 111.66980004802906
99 5 439.419589925306
66 13 293.638415870383
8 82 32.52359346607933
96 21 376.9237119851091
43 72 13.054227301307225
32 12 204.17636303669457
17 78 117.1434159929117
20 2 187.61009375651474
57 34 536.3363390004764
36 18 276.4555546348846
87 64 87.24692171597474
69 94 49.90692866056642
54 63 438.10309537662454
22 59 50.680668513534634
11 1 80.3004988335638
0 89 23.096404857286487
4 77 272.89036140857263
96 89 26.230304844453705
6 96 425.0492647802809
62 32 88.15999506236045
67 59 10.462990266275405
28 86 34.30538179143923
65 50 143.80014173070796
55 94 103.08722001326423
42 45 452.52739968290206
82 4 261.97334125731385
11 78 54.96326348817973
74 45 334.20842139060284
2 43 333.09689927481867
70 67 145.78569136832954
12 57 134.18318692849445
27 49 8.000291747666717
88 51 230.06931139846154
77 75 56.719757839648985
69 72 207.47610060981447
1 12 439.909046926929
97 37 157.9161312224643
43 30 77.36222688031587
25 77 301.25464720134846
74 17 537.000258021179
52 61 234.01484322567003
12 56 641.4231477990253
82 86 11.893711915385767
86 17 500.94291548734634
41 40 15.981984511165336
71 19 17.04079915435863
99 73 218.96374149368586
73 91 357.0152436089021
82 37 521.544938805581
67 95 71.05269334164903
28 36 113.61889197657034
87 82 23.73227890572948
85 31 744.7799136219552
78 50 222.74320184999553
70 39 58.55983394398238
43 32 172.96945977698567
0 74 493.0102161851096
1 2 46.9827706409316
93 41 4.270565804247553
61 40 292.8281710264486
7 74 194.22074578304841
24 73 160.83034835771608
68 52 96.92046739594757
93 12 70.66512637843928
43 22 491.37011607809393
51 84 3.8037165622718465
98 55 131.0567527763802
20 55 398.71635201561094
2 84 762.4788260536607
43 90 19.009066725569735
6 28 127.53778153199417
31 66 520.3067585570597
65 56 38.45429920163126
16 41 3.4095943493676626
54 44 25.269553974733533
62 88 251.24980494388615
54 74 127.41226269159091
5 93 63.52337198580963
86 11 80.10430330615316
99 78 95.76899239888378
4 16 310.222413270827
15 11 182.91807954946572
58 14 96.76028794453127
55 3 488.2957210057736
49 39 261.714750050515
75 19 197.66396731825228
49 21 85.4814265724366
97 20 108.10043085444447
92 58 8.188664911469969
66 19 300.33360454396563
96 82 74.67166760543451
53 6 204.36463344682417
8 23 366.6465257456166
30 21 82.72862745103173
6 97 166.00964553948097
45 88 29.698207666965803
41 92 3.534835303678542
98 29 873.7365106788877
84 78 180.6195109205723
95 66 33.636089493988486
4 8 46.3921194844535
70 26 430.2998033175804
35 0 128.85407215954766
39 59 27.09044819592971
46 36 448.8191306094642
46 98 215.31939804055767
13 30 200.14208633474448
59 50 12.267653301462229
57 49 84.06384049930028
24 51 290.93877961165634
83 8 187.59095344975066
10 36 137.00950643223806
51 23 93.90412171026743
33 94 212.8846896379406
44 4 44.596889656264814
78 79 36.51152371301226
28 99 252.26684219836187
63 46 0.9080393041003165
69 78 29.56562516404721
31 38 63.76830526941407
26 13 585.0886724634253
49 79 238.37052530179133
62 29 222.67134937198648
45 53 58.79295639156072
19 5 138.92491047720267
60 10 284.066197714104
66 55 67.26667316892086
87 37 233.84265206482647
80 93 310.1788161737018
77 36 1015.9446749155929
61 2 765.0384838222379
18 85 377.4904587007426
98 30 212.44148679035874
15 16 2.438976114935991
23 44 6.365904022802968
41 35 230.5889457435769
12 33 340.4644642515423
99 15 63.84959606877606
87 31 512.5742023737375
13 24 165.85962345758537
67 46 347.583708015798
94 85 243.3978685082984
41 10 77.18570263873079
37 28 67.53156942343777
29 17 53.537769888303835
69 36 299.91479440777414
55 61 285.8682705338892
88 89 182.28897504205077
50 87 192.4110880515989
22 90 14.364040170313624
86 2 73.47002995148102
17 94 17.744730933069885
63 82 531.6653288918628
60 42 381.88511441296635
98 96 458.35348040945394
40 97 187.89606547347515
42 83 265.66085897559935
95 78 586.8328660907234
87 94 203.99103690636656
64 75 181.60588335912817
20 75 28.068488121997813
14 86 336.7843197216686
21 81 10.038578713784629
88 42 335.6750796511213
45 20 521.9181286872907
80 64 107.48153654119331
96 13 217.79306806647875
22 10 8.64293590190242
47 30 277.85760367650505
52 36 235.21152337035872
72 17 458.00930453127313
50 20 207.38245768956466
4 3 253.05118372677552
41 44 17.148640134825637
60 89 145.09597360477127
90 63 131.40742293818576
61 99 158.26803804903145
11 36 314.008847405377
62 20 8.855026938574996
38 65 136.8042118165421
31 15 261.7302374746894
28 71 71.0363326805454
19 13 72.5001153878132
69 38 87.5697966860158
54 24 105.88082558547185
71 89 18.907630334423605
41 78 147.750010811337
72 70 196.53236408997935
31 62 542.7324202718787
97 67 9.947585251176406
12 67 188.37360324457418
34 55 451.3909619874762
83 7 85.47910554178651
64 7 67.95452225166116
72 65 411.3913098879081
11 60 17.836206028176264
30 88 183.37544806431166
64 93 37.3774751410952
14 38 176.29578060385046
44 69 220.28108161040146
93 13 50.26261223906596
72 15 725.940566794599
15 67 67.48947247250632
61 26 49.1843184096408
93 36 413.68049154328344
76 68 245.75462690730933
47 83 298.67178214671355
0 81 339.07579567912063
70 9 259.2815257304815
40 82 284.25853019195614
53 2 48.909253681275054
26 74 93.63432010848858
15 9 43.39365960193934
81 28 146.47332567542207
14 1 31.48593318858236
94 91 134.01403588778248
8 80 58.41944534382595
52 40 423.90969284921727
19 33 387.40889239327936
21 45 207.59603646725847
41 3 324.437795356379
57 68 68.05321775001157
48 92 30.415955789181382
43 81 86.2988319988143
95 49 160.32541311639787
57 50 151.31157046375
3 8 31.818034187162407
58 40 39.52639350801774
39 24 335.3656052651073
29 57 42.89336680168741
9 31 185.1445057416115
75 33 52.63748998508886
44 70 64.15804730003669
65 10 66.49160790551164
56 95 267.23611947551456
67 18 34.7045219711561
55 21 160.71924467548507
78 19 154.6854904908883
2 19 4.183284010635109
59 99 110.72104794656026
49 88 56.035459510730824
57 73 128.6379204744429
45 65 84.00709909000726
78 81 2.373373467603873
49 97 764.2770822203931
94 25 442.61142735919634
81 47 290.0311063302629
48 71 0.37552068607581884
97 23 249.7187288004242
33 30 136.34807778685544
19 84 116.88623284676203
59 5 125.70972046387654
78 39 50.5393104780433
79 48 462.94304877905904
57 87 243.27302464789017
34 91 29.087076553552336
3 27 94.07358663368953
16 29 161.89320624877016
68 43 69.4962247424877
83 16 50.86014575150486
77 24 228.4515231087087
8 96 38.90870931621224
45 60 616.6237536528578
45 50 771.9191676473084
6 91 56.669241732274
93 96 999.6214325850395
29 22 223.08491460762897
99 51 10.372783567922355
47 25 50.92569329682376
91 90 349.4101574940123
61 23 26.48867378387671
92 76 73.77328215333382
68 95 145.16919807277318
71 17 252.00080902619675
9 97 895.7801499540176
42 33 279.4688785372487
95 24 61.24879505284488
21 9 50.029200361865364
69 87 236.94786084519973
31 40 154.82594052687747
24 48 165.54050326116467
72 82 102.83730241488634
91 58 95.98249431235163
75 17 86.87889912308776
52 28 12.405279643903244
47 19 86.38713907532406
82 25 85.64907478176254
15 81 238.90165049041968
87 9 379.98450793292966
53 56 21.397647795357333
52 93 18.46251001503171
33 92 78.14650627231401
38 42 145.8001806153503
78 33 28.007029426879637
51 34 195.120911777393
18 80 657.5519584351874
69 61 1217.305416559705
72 2 72.42532958310998
53 87 498.33123544326503
65 0 350.69913167124344
30 71 141.66642092650534
3 84 32.71449848861766
46 23 529.0482032274564
3 48 87.91030778548081
65 90 41.90121955611985
38 96 43.632379626430875
31 90 336.68828672414014
50 0 175.06763185703144
53 51 33.8441251699436
77 91 140.9547421981825
76 93 31.650976486541904
4 57 2.8405373717933524
1 56 10.048971875934983
43 18 21.161598245283315
31 59 116.42122127513117
90 79 43.04157358939834
13 72 85.37611561337035
54 15 719.2460774704999
24 83 39.247297646767784
16 76 300.0120694565379
22 80 39.843548989957526
51 96 301.6877867849394
25 44 354.98842381386186
43 35 175.5450681840751
75 99 183.96422993225468
3 87 428.66466845905524
14 28 161.16650059210644
69 90 230.68825307754196
48 78 142.3173311163933
31 39 4.8418267801106865
61 32 354.00194001477854
33 28 32.25127391386415
99 50 180.6160347120547
16 63 99.8857394885159
53 63 807.5188070391455
94 97 58.68216254196981
9 32 74.33821087901546
11 28 517.0116920457496
35 15 1.224632483713719
1 47 387.6057153684056
73 17 573.1803545934349
81 26 77.64461617981655
33 60 146.17570486236653
28 98 101.27801048015314
70 85 491.30351040884756
6 45 25.8699928207417
47 52 5.498683071115973
19 14 29.09764368674893
75 21 38.0191549848183
69 27 0.6042778117032594
43 76 595.5116282322961
64 26 68.47514835040165
84 97 122.92357726062659
84 81 133.83918287050332
18 17 10.562820816978578
24 86 437.2771481782133
83 21 40.25442101063719
54 67 140.72855043432716
78 3 547.5660331191358
98 88 109.39536973918298
20 47 76.78795849271394
17 84 67.00538185586082
94 10 12.285893138609007
9 34 35.025179324749764
74 86 14.481059483077926
62 44 266.7030133806223
79 93 42.98696509037082
71 39 637.9230125662464
87 15 55.63673859980389
32 36 110.80452388069332
0 19 32.02015550953469
55 0 30.873670277540054
17 44 10.78531997356233
69 50 468.7875961446724
34 86 84.57600247030072
81 76 91.10995077026205
93 95 77.43189279451938
78 76 122.85473536903977
65 94 275.9433651421185
47 51 89.88853007731004
84 70 18.604089152582333
44 75 192.62734077894243
24 70 480.8025579010599
18 76 24.5646456916122
15 97 326.7211532050934
38 62 176.41462099172688
33 73 179.26712225430455
61 41 288.2996613659559
77 21 111.92350623461083
87 63 205.36357222152887
1 77 314.24249597327423
24 50 124.71330232262079
59 79 6.992270146231744
92 7 337.9954628321766
4 58 49.95746404448412
45 73 91.21050082634981
35 68 138.1499974714335
41 50 361.0134383817973
18 29 24.47798583607901
21 88 108.0431877489661
96 95 199.6444551373066
61 62 130.87900651128209
91 75 214.0478123957524
11 50 78.65553325523716
18 42 129.4904230232625
7 18 31.885011523165936
99 65 842.4012957858752
91 4 449.57790943341223
1 66 341.646749801763
21 27 75.78099572289074
20 80 54.26719971311849
66 2 272.07542308689966
37 1 42.662699641408985
51 94 586.3480273063241
65 15 60.467404847118736
62 57 59.09545067568535
3 1 20.8873936771895
28 4 50.38571678184011
20 68 298.16717735805696
80 33 587.7234441836507
78 2 40.533292262275886
56 84 191.0672089084357
57 95 240.00280979044604
86 69 42.69729490764105
97 46 23.40406550775166
81 97 72.71548508538204
44 60 234.63756447590606
9 33 105.28715186211211
0 92 45.53942822077466
75 14 60.264339202517355
26 14 111.65247602153521
30 74 92.9085614708957
51 83 146.30761050025802
68 96 357.83643238132134
53 10 1.5747418332629592
36 59 85.8309847771413
26 63 150.12968533167742
58 69 281.4344224204368
91 74 69.59404345400084
69 81 110.11360669581347
93 9 8.191546783542861
56 66 33.78631192690788
65 77 95.59018336975069
91 49 402.0870534116609
13 41 396.15299417644883
78 36 237.44330063598414
3 30 906.3383997071936
54 89 104.41111142362128
9 41 293.3773333213282
6 68 716.3499206257541
15 95 7.778474275158096
23 68 30.667610972527655
34 25 810.4338414782629
55 85 52.33741376332127
58 68 254.04033368204045
65 96 1.1196370463358813
94 13 36.938424601011924
79 28 181.4647258544099
39 53 98.63784950927054
78 51 314.74822167583267
63 3 192.6357807954374
3 21 175.25873026601886
93 54 35.2974451731752
28 44 136.19222047746663
39 8 31.463660217139083
8 15 467.87126954922104
87 22 8.325000435075122
98 22 142.1485988138324
91 55 577.6253692241103
44 71 395.4816227136406
41 15 132.54840617031368
0 22 249.3359970246305
58 59 312.5689991825791
9 39 119.65456537675419
36 33 364.66199413739855
26 88 583.9330154248381
60 98 28.911310412055197
24 99 227.22341420262268
43 70 58.24278706025871
51 18 290.15376670976923
45 63 74.5451463617445
40 17 281.8697182574769
39 7 67.09425064898963
37 94 67.18190136277725
65 51 151.1244872062172
66 79 200.92447258439762
83 67 11.629859388698685
39 85 162.7220585743612
50 55 231.73252350741572
52 35 219.91296287865936
70 33 284.9885157160113
92 32 227.67679967887585
7 51 244.68307070436722
14 64 9.65178848395127
88 31 400.46975210172036
22 99 8.88951029972565
96 32 46.33198594897227
84 31 24.841203647485806
61 81 211.7658232460132
79 67 19.934842108479963
41 70 3.3913778289614345
23 21 33.096014161669096
40 26 27.8081731043249
0 70 975.5353374182722
7 87 91.9172003765692
58 86 45.587719412294675
58 10 542.4257682356993
97 86 142.12960460957916
77 87 103.37521178022648
22 85 496.7346016487343
41 73 412.99736406151686
2 49 71.50060431472437
58 52 42.25188780668205
87 54 41.35665828205891
2 75 14.114984276979332
40 56 2.8800077929823478
34 17 127.3065677142083
51 70 219.67395376692048
45 49 89.4586932746693
77 43 406.40834003132494
34 36 118.92184470848402
12 26 62.94087895537371
23 20 53.88638716835352
41 95 264.12076292226294
91 1 93.39972028859921
26 35 305.82254262049383
11 31 182.50844105190822
14 46 141.50582260001357
4 66 357.2657526283979
72 40 296.0011304093756
48 22 71.58246608405877
63 0 43.55129577039211
32 2 428.1519838209536
27 54 179.16433357167506
63 18 358.4001556395505
42 64 132.6428544174892
24 4 297.8842077231728
86 67 48.498307342787456
87 38 92.48417642042803
92 3 141.1972573180744
51 11 104.84683957037765
50 35 306.0857060934056
19 53 19.69559615090464
60 25 78.17863913222999
48 1 36.70229701161871
40 75 57.12700094535433
28 67 193.6544867856095
13 74 477.3376412931155
30 48 127.14268055869209
70 68 13.608005630963909
20 88 185.9481808096872
60 97 230.8253770520855
14 65 270.65311695572325
74 23 11.675281226504868
66 20 20.816204561732004
39 34 141.22192047149895
31 36 68.87658114879342
98 35 594.6675779078188
54 79 98.58995138179549
58 99 146.36401842284124
88 80 59.02250037058485
91 41 147.4971999079929
91 69 428.8850867167702
18 40 541.4752831034804
40 36 67.10822940448273
51 90 249.36928357562311
9 40 171.305349821317
80 85 217.36923770656253
97 66 7.314679923283622
35 4 38.59829537002638
26 20 11.257680329161728
54 3 234.33138672236075
86 8 303.3954238007949
70 3 161.75673015013524
54 11 101.40312124329311
86 78 170.19098057317038
66 84 90.14571977931702
91 20 41.72956613483895
12 16 464.0339157461639
27 53 28.94742714051028
71 38 17.365966916248134
25 40 100.99233859132468
73 39 319.17542284419466
38 11 105.69769819085279
97 22 3.687807544185932
7 38 92.12122862001355
83 68 180.17085629644015
16 91 78.53016910393288
72 89 421.9860805012269
89 22 29.710854456926516
49 60 77.18552906965228
7 84 424.73707773952646
62 30 45.05766893837007
78 44 5.037562365356544
71 92 403.4856866949236
40 60 33.040489309223794
92 5 440.62140389063444
50 16 75.34030408593951
21 41 153.969313399535
56 86 81.38118956968711
31 69 37.13238324512087
86 61 33.618709600640564
72 48 144.19388947341105
22 4 238.48863572065238
19 36 5.98154228004665
96 26 68.77145718459889
20 7 12.37601074059704
37 26 165.93746274203926
19 4 431.33408835753943
37 65 230.11024925429123
65 5 116.87208888314427
52 80 15.846828840276839
86 5 45.47575768356112
41 17 201.9612669082589
95 55 20.085279550213674
0 29 6.134676754552511
72 1 341.67817725464704
4 18 35.93998065843034
15 83 224.84784829402358
67 1 14.075237679567948
14 6 387.6985827216989
35 75 125.02884871245381
9 16 167.93860834714633
65 59 40.9843646679555
19 52 158.72360863918985
61 72 350.7893623681339
80 77 95.9057828672896
53 38 80.65168196615181
76 33 27.311617563236503
37 80 11.59817520953838
63 30 478.673452594752
24 49 175.04105843925367
61 79 0.07912313498135604
91 59 183.6346002882037
36 75 354.7579331079672
86 3 173.40699606527483
57 8 105.29597195726757
76 80 9.317534668184955
59 64 140.0541495880125
57 94 200.71601812196866
13 11 112.17460957341898
64 16 210.64578731074766
68 44 32.05025117104544
5 76 383.54003645871273
19 25 89.8365079919403
2 14 303.2819402682329
30 46 215.33943635253556
83 46 101.25153737053247
43 5 335.3239321636829
25 7 268.1084577837068
22 75 442.82236436228493
5 49 99.77204917612778
84 57 441.16129208018185
53 52 254.5502823419362
99 25 81.83772615494593
67 19 66.89838052674043
42 19 89.2281106028576
68 80 665.3904190022248
20 57 270.91925135483257
83 79 47.19165292316887
30 24 113.68213070763602
65 83 59.424437661154926
69 95 152.3799623499378
66 28 284.17541606353507
12 25 23.860653935387397
6 69 71.37093901944421
53 37 124.58149546766248
63 71 115.72837262710833
46 35 114.74816482485241
11 12 5.5843675849154195
78 38 231.60623333764448
71 86 383.27068860807896
54 99 28.90425944734264
48 73 296.68024041506374
20 53 282.5290532717453
23 41 410.1931473573858
98 38 223.65434409225688
74 38 229.29010636807936
76 19 207.05670903978887
76 84 300.2585908039946
81 32 32.190351773704506
95 4 262.1040240549727
16 46 419.9259215877218
25 14 3.3624861145991196
44 59 217.09664475044238
84 0 338.2818717712464
19 69 3.927875807265515
66 5 488.25909439523116
26 48 1116.326489926567
71 42 188.175961907576
89 93 174.98895660756784
97 69 5.361929572823363
51 56 431.6479448699329
79 5 538.7134460521974
14 98 153.21870714384968
48 13 172.63751537211783
43 93 676.3314261460162
95 0 162.20988993792574
86 79 22.969957802200515
50 46 21.710332437284123
9 67 300.0869198778191
43 39 388.9960564916157
88 60 148.21052173766614
2 58 82.52987760206982
9 17 358.59409892343604
30 9 81.95287645299643
12 34 276.39080573044987
9 18 217.9113235599478
38 32 128.89601278849435
68 93 288.19810151169526
16 62 95.15154050252025
64 89 17.813654708768784
86 85 62.221181167702866
35 33 35.49339587097751
61 53 59.80016405129004
40 66 48.21297859834223
32 99 68.3402489020965
40 55 371.655258021467
5 67 109.16589972112097
39 42 352.2478756614633
58 46 656.666226472134
47 85 72.42003547938974
0 27 95.8840986255068
31 75 263.2627345908085
95 50 20.17437141197343
5 24 31.970065268014853
61 3 166.56631636737572
74 33 616.6483821830332
75 70 94.19193759514985
12 49 40.467610101486024
22 42 384.0239483903266
89 58 2.3758084107184456
76 13 118.72848821413398
48 93 205.7181597549582
36 65 82.30992807818383
78 13 313.87820978505846
36 90 497.73145719704485
60 53 107.19202826232168
63 78 209.08898820121337
92 84 205.6245375564068
37 19 288.7016933134556
93 26 128.90772580420165
1 70 237.15397623409095
78 0 127.11189994295688
7 40 185.4629673417026
44 10 574.1173384336514
9 90 197.87564173490378
22 78 163.8342672712381
73 8 29.3124082640325
31 61 214.1090670006572
12 39 97.7015420235538
92 60 475.4308831829454
77 50 69.36238990326363
12 48 47.75093126517076
28 41 105.1318046786432
30 11 165.54201582580893
31 1 73.98450930268893
65 33 456.1547968659162
31 44 153.25933546308448
99 48 90.27568759296106
27 61 16.442645099408793
27 28 666.6200991301798
28 55 38.07548190385637
17 77 458.56968086581753
67 38 228.4133674707853
30 90 381.7692754398412
36 58 24.262189654735643
9 52 224.78376807131522
52 31 284.776322365934
80 48 225.96069725580782
33 87 26.765069426882377
81 54 183.73283127390408
76 32 327.6100496565368
71 18 87.0146747044049
59 76 80.73487320984178
29 74 369.03376768847255
19 92 475.9138514966242
75 16 180.88015665396347
58 13 489.53040677593407
34 93 77.19281801666162
90 80 165.23850515841553
3 96 115.13154018484022
0 90 359.9903528422454
41 4 123.66013687724826
24 93 157.941189545045
78 9 60.28722668119653
0 6 2.721160251226133
54 92 137.28944128193027
22 92 28.214504192180467
8 68 224.88999550304385
36 88 172.23303589074195
5 25 28.35826877484942
27 79 482.79833966858484
70 34 991.3117716430969
97 57 121.13168562529815
38 9 396.50199840844925
63 97 4.81840501335781
24 92 0.817697026582451
65 46 370.9796724076736
29 76 200.24810642133056
39 47 252.72099341889378
21 76 188.16464548776185
32 27 274.36875579374714
1 60 392.7107542431019
46 57 492.66717128537925
76 9 244.0948146892445
49 87 108.22263322732515
20 79 14.528283255679167
90 77 70.64227419003288
34 18 66.44403670678123
55 5 222.85761198923115
55 48 256.7108647018024
18 35 173.90496331767548
83 63 121.81466655553044
90 39 2.105570952700096
10 69 324.2173143224945
20 60 68.80253402757943
37 23 362.9811629452802
87 23 223.43233451271547
56 45 659.067913643022
5 95 173.14048319979972
83 95 217.92428914411553
67 90 453.6644955965321
41 75 682.199925800779
25 65 188.15564208774526
16 58 90.59868882971021
19 98 26.420988379639955
51 91 210.82055335159816
18 88 26.295068108230723
12 66 35.96216238298828
45 26 168.9873536410671
47 86 67.9900834608405
64 92 149.29070122429098
49 13 61.09583100910947
19 77 50.052877054886316
73 95 160.2225420898061
8 99 30.24230540828813
7 67 196.5342943962398
75 65 0.5827492512520462
46 49 103.36714325307422
61 78 274.8532470296495
5 56 4.1293361556115125
96 55 93.39547016793793
39 87 37.731008256238006
47 59 2.2797915899014947
17 23 988.3501139712127
78 96 468.69224168973636
52 13 196.3159886327833
88 6 130.30012707390526
68 89 31.294128800293645
64 18 24.677748201609624
63 96 36.301167485446875
44 63 23.232243263388362
90 46 866.3330881374596
19 45 273.9910198836033
51 77 220.7699456868672
87 97 586.5693427497808
72 19 1360.2750861963025
65 70 18.268110402612955
66 24 19.63865267137732
22 88 217.28714685383284
89 50 78.62989657675237
84 42 263.16040955863565
7 45 235.79098865765224
7 79 736.7291571141321
38 58 78.33292011973073
51 71 209.3736171657759
58 78 112.35287374275309
42 20 81.54694835339915
59 92 31.86967546400094
6 58 105.65825789873358
47 69 19.931730616808824
71 62 167.95356467270886
51 19 8.94558484293555
74 28 113.41585038593568
90 98 152.5285691252593
98 9 20.042376820698284
97 68 115.5838185653395
60 19 320.8659794153966
16 82 360.14772808052834
61 12 57.076843875506135
94 8 371.4675183781045
45 91 181.53955095191148
79 15 244.34773102713444
90 34 386.66366137588506
64 38 25.38999305841283
74 81 211.44972817318225
70 7 14.030259710874054
38 18 27.490675929125047
89 10 93.62308967055688
11 24 65.19624481331981
93 69 229.40453334776367
62 83 120.5441408082688
51 52 167.26355192721851
95 42 155.1145281784206
82 17 6.292295887557888
59 30 9.759577903955684
79 62 5.677690036067486
59 78 445.89490038012383
12 53 43.009120422406625
19 30 4.895684306221616
23 10 210.88927951931456
55 39 501.23768633032506
49 56 2.5213294245470013
26 80 56.40298035372566
85 10 16.88174536692408
74 37 147.25359304133602
3 5 43.53764625397651
50 61 530.4216912419893
70 32 256.69744019309337
37 72 23.43253720774251
67 92 47.47344948479126
84 96 113.02702882061793
26 21 73.05199983911143
47 16 222.4816621124446
98 50 40.717935583824314
3 24 590.3291472372852
39 56 146.64725205273868
24 16 442.8593989161589
23 26 432.34491338513754
10 4 316.25359453511055
34 30 14.62918389424422
16 59 241.67990479121778
59 95 181.26942697093858
74 48 45.943091849980775
94 0 3.7293770550200134
82 62 263.2829685856749
70 45 322.01357383841827
92 45 117.51831027670569
89 16 15.502948148465645
69 73 66.2266009746939
22 57 77.73019197559351
34 68 89.51571302970626
21 31 118.23836569852762
53 78 107.29010830454573
54 98 72.93960540848133
30 83 87.95988828173591
60 46 219.74166941600126
53 77 190.5731334805421
19 23 260.4074151381765
5 36 188.2900679364563
87 62 156.1218051960207
49 3 2.0267063474487763
66 18 178.07122959901878
12 59 106.92684708963398
83 33 803.6206771640094
66 48 606.4192784772398
20 18 495.07394165677283
9 5 86.9174893697481
76 51 61.54744177766614
48 33 361.93258807532635
56 9 354.9128813925556
94 23 339.22110674127583
50 17 45.66963646574276
76 37 13.915691109687787
75 90 245.68901532699826
1 9 129.1147173286054
36 16 79.89911600376924
97 88 458.07629610269043
44 90 199.28654660367533
82 0 310.6436384504691
87 13 196.73239109096502
26 79 87.32959838089354
93 4 97.73956882753436
53 54 227.63374529168777
81 10 29.585886653127787
62 95 105.92469915266823
57 59 92.40841515293845
60 83 428.52811514657196
29 9 10.017372472888226
64 48 451.00590982921966
73 80 94.75336580034721
46 62 317.9098508918023
20 33 20.000297049015067
14 84 341.2411719186115
7 16 147.61310260767738
62 90 99.55530301957018
93 6 384.0386659789149
8 66 482.9361262551904
29 35 64.13935540164513
89 39 55.65762211265238
64 60 421.0684119235597
66 61 74.00446729826038
11 95 708.2173737294478
88 23 432.824452788122
39 2 4.8950602039310125
86 84 115.46509468706351
61 20 54.65319085529141
11 39 27.150728581886476
99 86 31.41736726962004
21 85 467.55789793482467
42 15 284.89641430269234
77 52 555.7095228315438
89 85 25.899590848303145
84 12 59.073417383970735
81 36 193.24882124020007
99 63 323.0368714728476
18 74 341.77867450079395
35 23 33.60542665532111
88 7 45.75403141047037
26 42 73.27857104878251
47 34 420.3568867190545
9.192591041785501 3.1673819928312668 14.919568138398985 27.939008912809882 16.1933298009639 1.8862157760744411 9.540006402653901 1.3982940571496107 15.40831061994043 9.18123234697246 12.067425187978017 6.863738108522492 13.268270639574256 8.602698586708165 18.822285513120526 10.188752568178781 7.946783141344492 9.247282876003663 17.516774059758752 1.1461778835586922 10.30949292023205 4.101215680533316 0.6926801276133133 8.730896030263855 2.444885122439241 40.092327939693824 4.450532606216017 13.260952582705752 10.845364982428098 1.058648138737565 1.9685392404854114 5.231647794697918 3.2908748990616754 22.526322080892285 3.013349424766833 7.248982608589629 13.406188412577729 0.2730560183338542 5.036245519890458 0.025794605389071475 19.037157495028488 8.885782672955392 1.2702669875571084 1.8675683315142975 3.205918430911593 0.18049675240276594 37.92587114499758 15.736212292141653 7.093873164250942 7.075700916880489 6.168963833206149 9.202845820857641 3.4735341780263007 16.86236586344122 4.984568001917036 0.15581106926421806 0.03871481410794449 3.9777462370269836 10.364725674597535 4.262224091734618 48.23883049199039 15.016093445314185 5.870403879048345 2.1367473013518694 0.6279738752205419 1.3714877908276244 3.4927266950797513 3.0209477204197217 3.254111736883112 25.14691834069879 10.576231999667876 8.107597304565546 2.7655651548794973 9.708353350735448 22.46532399834072 8.270328672736513 10.605071925578876 7.47627972821773 28.111661382870725 28.338824901908882 9.71639948576054 1.912961763817957 0.018885634712914726 1.5395746162235833 7.988775716040987 5.647964011848216 5.159527746546193 5.341355049898745 13.672084927957869 0.46110644759260583 2.5882387339907593 14.10745559337811 32.80305132548845 14.535796870766799 13.021040560104682 9.927123697189245 1.0114669037964084 0.4757539669207766 23.300011197460336 6.863171131123868
5
15
0 0 0
0 1 88.30917552525894
0 2 155.77275031673904
0 3 141.04312948702912
0 4 102.31082271525773
1 1 0
1 2 70.57665574313016
1 3 72.14235814897589
1 4 697.155270185882
2 2 0
2 3 59.05605808896417
2 4 213.64348076755877
3 3 0
3 4 268.9693495504102
4 4 0
100 200 400 300 800
