100
1028
88 66 52.60233551693418
40 16 177.7181874065574
69 83 95.86105511227015
17 50 294.39492788630577
54 63 129.9934687968533
5 80 244.26339881202873
46 21 194.05035980042663
65 27 124.88974582799955
8 67 742.3041167543319
94 78 315.1762244481134
24 16 48.29531346247678
26 35 215.6166413911968
84 41 63.047362307077236
48 13 63.593270629779454
48 61 315.52981298160677
67 49 131.50715975845105
96 91 282.6192369097897
3 15 139.5157198324958
66 50 286.44041560689146
37 91 71.00668907393575
72 12 24.2070299625352
44 78 74.141584049252
91 14 69.46323745436854
12 98 176.15574066840978
80 79 18.12513969997832
55 48 43.93447117440187
88 75 360.2595611694204
26 56 44.650977846750436
91 66 60.82531072019908
66 7 91.89249540806243
24 30 194.49750570108162
59 23 461.29429022117563
21 88 91.24999284283018
53 72 111.42732227798602
67 21 186.49536357709852
60 8 69.40637608102841
71 87 313.62805260693113
59 14 176.64079745466117
98 76 261.12162375558466
30 20 484.23100602421425
1 82 73.72341513062094
93 50 15.103315588677562
87 95 162.60046155600688
54 66 183.1734201452303
42 3 135.8208655759798
67 34 67.70419656172889
87 70 34.82488766833485
66 82 107.54950087917385
91 94 65.42057619539864
13 69 44.270012320551906
49 23 269.0159916604645
86 83 309.93299485422654
0 91 41.85049581111436
15 85 94.68499725841608
66 76 517.7965057231455
67 85 292.68801175197734
90 58 53.591112033155994
94 89 312.4970138301693
12 14 11.645455486854244
17 27 261.53674406180386
80 77 116.49364368732427
39 90 30.07232902038407
73 64 127.99551871073716
22 39 482.37495336643644
3 37 42.389465994056266
17 15 19.870916296455544
94 11 234.42641116922954
95 37 27.49693086387216
6 65 331.0177986887207
37 62 262.59730985363
53 85 2.605253333246989
10 63 6.356798776408293
99 70 91.31927355550636
51 28 138.87554176652813
26 82 212.78468486075198
40 3 140.59037927363798
53 46 9.36369538108044
32 93 20.36614109633606
22 65 220.95839584884862
79 62 104.17995740412331
61 40 164.62565417060333
17 85 316.36342879707007
87 38 197.63478597041703
86 0 129.5819531347953
64 69 7.424735516990723
83 3 129.8822627700808
9 7 95.75123179279534
85 44 153.63464762321607
94 51 135.73050128772468
48 27 177.67875862483038
71 20 13.14951983363927
76 68 599.1172115028436
64 67 263.49387501244746
34 16 301.16244532247583
17 82 249.59957608738802
77 52 78.96918431099263
38 15 356.342696439822
12 66 25.878188529274667
44 17 55.28916416225557
9 76 85.284274318518
45 69 207.7563398096069
10 41 94.03616902003937
20 46 63.55641757181569
1 58 215.48378056111144
24 9 247.19534591331103
48 5 449.4476142187585
98 16 72.08621182978607
98 41 297.0243704349882
90 13 226.02991664822682
3 46 139.44718269289694
25 1 642.7510838879806
98 17 905.3724152267832
44 53 1235.7878051304308
82 60 335.109048192811
82 74 215.04082713910182
24 41 124.87764251011552
21 75 351.7158545416598
31 74 56.487853776674335
38 19 339.9764511387618
16 85 220.0457293040235
54 67 70.36790703466036
59 79 53.800893556369765
93 2 460.6177129792918
66 9 190.23858423017703
16 43 28.900681397732853
21 44 568.5403399921479
87 25 680.2911500020292
16 67 132.40825175146222
47 25 77.36362396464267
17 77 20.535832027607935
54 3 16.784305111097968
54 20 112.62848226186189
19 88 414.97143155268867
45 46 137.5578264602314
88 0 458.203822608331
31 44 205.66381142863895
46 99 28.22072693534463
71 57 1.9114735504918368
10 0 2.178913280149761
60 84 4.4216604623960745
50 35 401.61040573969035
4 17 557.4894774166884
48 34 24.456838544572893
8 83 28.894985482283204
17 70 101.99304093684214
12 71 0.8808343679015115
31 53 553.3625861440566
30 27 118.91378996402229
70 19 112.33033540913786
53 68 45.720271940385395
52 71 416.38078596138934
51 48 57.914911859049276
12 52 205.66860796737822
4 30 80.50339333184401
90 42 265.086177532048
25 14 10.510022227981342
84 83 79.62946697342016
4 85 805.5045172614678
75 0 162.5717270956551
30 75 168.99530709623016
86 58 24.299199544532506
53 58 66.23935890235036
50 20 168.13714320628276
10 65 112.2971610221582
25 45 268.85826795008404
88 8 4.16264374555602
12 15 26.714558159063856
51 74 472.52717328911837
10 20 160.54882604433737
77 40 311.6630925927663
86 75 335.425348837816
4 41 349.5742347417449
87 74 562.3973137996929
13 8 294.8812501192683
1 54 122.96925101754042
24 46 74.49278143171544
94 69 154.89446399105785
30 34 156.2082033988648
59 92 35.15869947814516
71 85 254.93519470072735
11 93 33.97702417280738
10 83 159.6737340284926
79 9 57.45733640356383
24 66 120.19936356941531
1 11 115.66980998442664
2 72 126.10862426141725
75 96 54.13039650439075
24 11 757.4910388765085
2 33 251.07163218746814
41 2 543.502515396108
23 57 172.61903855239538
94 6 106.77180926375776
63 98 245.50031056542488
62 99 1004.615931809786
50 7 85.62266058454576
75 42 77.82504038710837
69 12 22.347979769916776
68 50 346.74810456364827
97 98 186.67078951619735
7 18 264.60984658319194
74 28 906.4768639126371
46 12 56.921338700408064
51 17 122.87207106869174
39 91 358.8985306884519
3 4 200.64898794241097
96 50 51.248855902811705
21 22 191.33107255307283
77 97 65.98317939120636
33 86 318.5430900669829
70 64 133.77729455214458
31 19 224.4822946924894
28 3 84.35209082169209
40 85 30.459019856928766
62 85 1195.849491735977
37 88 145.11552449443772
83 81 206.22388669345767
52 68 64.69105905567162
92 14 45.28178692238687
3 32 20.581416649108995
6 28 104.56128921950538
67 40 28.865410457724312
62 66 14.834985455623528
3 18 45.231777844180385
19 45 4.5633392766101215
73 83 23.876517238811907
55 16 59.965439574859225
55 52 250.57394614824733
57 63 689.1310466509611
68 80 175.99667034398857
37 90 450.96564176258624
44 9 25.264133622313977
1 3 85.32215568228312
13 33 4.327145958213915
65 4 293.1685487009778
64 57 368.1126007078322
43 96 343.60776387299296
98 31 96.99634408296139
25 80 10.56630485749964
11 96 104.35853765264098
4 1 46.72825232824519
76 41 36.47707744691555
76 19 39.220089201670156
10 28 17.896760602547317
54 2 560.9498631479244
7 37 53.39166315151066
46 75 40.768031031699905
34 36 6.873892675218592
41 68 433.8309937377626
37 17 150.86336521953427
24 34 18.271635108065606
75 40 164.18042195903976
9 39 1.318533693542639
85 75 751.4941802734347
90 14 282.63961897146305
81 9 274.4638304395961
61 12 17.50032287781698
7 41 567.4634932884446
95 59 177.71126083635852
8 25 158.85737057761773
65 11 123.56178337089707
62 82 34.31704919978839
72 23 117.845982807958
76 85 115.4253318972073
54 99 25.44786510836761
94 20 21.97865214721967
44 76 279.6270296507205
54 90 206.92897082348435
34 37 195.0565043846977
95 68 113.85049166080489
55 24 94.02035342576642
21 25 2.489478833076975
13 29 114.83065706330484
94 2 45.161768745275246
38 34 391.17928746737294
85 3 173.66615457042306
88 43 455.1612391688378
78 45 72.86651927672841
59 96 559.5373513330169
55 74 1.1294303717119347
40 46 203.84352727529412
93 16 289.32384288468995
97 95 271.1291823125056
85 10 16.684366504183558
91 89 193.49053946081017
49 19 46.71804234149112
2 45 642.4342358619926
38 40 244.1319095886321
99 71 786.7626217780208
5 28 41.68344065675721
22 15 101.32091143629805
7 54 381.0894710448475
40 72 402.92576207445825
41 8 284.21806479187086
25 32 237.82369166239295
63 31 49.97508945229081
73 37 1.5057622424689716
85 57 16.81001810008089
35 1 242.0644251565507
0 9 160.14297773623028
17 56 68.14467370662202
14 52 224.35295036706174
78 70 583.0694513926936
39 95 274.8470445557774
59 57 315.7589963735123
69 77 82.08228716442004
67 87 463.2085244141364
85 50 79.63659393026214
63 9 315.26849934630764
33 78 38.49593627625188
74 92 94.92652857042532
2 18 82.87582132617631
4 54 548.9707978851907
39 62 296.71644596924193
77 9 224.223916588116
70 44 56.77762188522585
36 5 343.669435265022
66 65 39.94301298051919
0 80 305.76651645103874
62 71 363.7000954772712
59 12 132.40767960915036
45 7 130.08548646877244
20 17 176.04024763365476
0 66 26.287499397158403
71 14 316.7603440286532
23 24 307.0676712539372
55 13 34.8328541663783
15 52 19.691789952799237
66 90 55.728689941263774
38 39 291.6102116744161
30 21 149.89436113399591
10 24 106.90459270745045
86 2 446.2173438749706
25 57 45.855756573177324
9 99 607.4526940528307
31 1 101.5702341335442
46 49 109.30518944891645
69 78 213.05157529631856
68 71 102.53436769192103
84 70 186.7037659383354
89 78 327.0015215627365
52 98 295.47321848656736
46 7 60.83910296177334
3 48 7.867410431875248
31 8 125.23281252385672
16 59 669.1608803980864
26 38 65.7106711516117
85 61 72.90915916199214
31 61 146.9200363164809
40 11 75.13161587611128
29 49 76.0130985570417
61 78 214.4715530363493
39 41 3.0526442144026844
92 84 600.9031058225281
29 39 200.73486662284782
88 12 887.7686166780276
88 26 215.1598540042427
3 91 124.14086986867581
6 68 271.04078649692747
52 8 76.73980353606441
41 18 225.93178944049487
30 72 598.0847336939435
56 61 20.52047010207541
3 38 184.05087558622432
66 23 59.17828657046
61 36 110.5601523759349
14 3 135.11741941434002
60 23 136.65708631881745
29 96 143.67149409495744
64 30 95.73570085675605
59 2 210.05267643919638
62 80 9.381411146605418
77 43 251.343753508772
23 48 47.132314497602664
16 81 176.2032247549961
88 3 192.18192461201156
14 37 246.31321944966018
57 94 188.85528332598372
84 44 188.96310840608373
95 21 560.898271698036
12 26 298.914132109402
3 75 103.39187335071365
91 11 313.13690405920994
11 43 201.95927535075745
24 45 97.34445770636873
66 1 234.36526884552373
6 15 329.98284937247496
50 21 218.86981370376185
41 47 29.0095380177661
79 19 318.5142552019096
50 14 177.25973237944302
70 83 145.5489344614622
69 48 58.90896558270819
41 3 101.81095918022918
58 92 169.47308539293303
43 33 106.305527615925
89 19 51.640269070522635
5 75 366.13017846207947
29 21 70.401704542223
48 46 173.8835231099476
96 49 99.73821247429595
93 74 329.2437699065747
99 11 648.6094676509406
76 29 117.96724906365125
93 0 55.70916227448731
18 48 328.74214659520374
44 97 33.719287532568586
87 60 144.2421232341242
44 25 135.80362505947798
84 52 724.1420159470401
74 50 212.03731470531517
45 47 197.2127026522677
53 39 164.13924182468304
39 50 1113.113218273702
74 83 132.34501018946332
49 32 67.2078173130384
9 92 140.5560018097709
68 33 131.28559670031666
6 22 109.71960513381948
65 20 150.581119239433
5 38 2.0133184259101884
85 58 48.620376264877784
39 98 794.765156965432
61 75 59.76143525312209
58 42 254.0839055128739
80 22 65.66490587145884
84 29 71.56144576646793
80 21 240.6443819892321
57 89 9.584452525107357
54 35 864.3017647885074
89 23 201.166726034018
13 10 257.7103982715644
60 31 228.1009104550145
42 13 399.0476013531785
82 68 636.4825756633376
8 53 6.168948420150748
39 92 128.01810228843163
0 44 529.2584958137559
28 33 55.18615054352637
54 76 133.07738955051218
38 49 63.11131801543355
22 84 38.42194104532561
75 82 242.7988087628587
78 35 93.4124073342107
36 51 95.30296741331937
59 9 45.89931163198233
12 75 63.36069131626816
33 37 5.130673543990699
35 65 163.8038559390813
93 15 41.43726679290887
51 49 140.00596692480224
77 56 95.30109350877864
11 86 47.020308646753534
62 48 467.49442667960005
44 63 62.047084497606434
19 42 139.64890976290386
83 90 495.3258262639089
98 7 227.84343240406568
42 24 16.974034030476755
64 95 115.60627648292052
92 35 52.14267855457385
8 78 157.4579892908401
21 0 105.65451833743296
80 15 357.19893417408224
48 44 117.48006015118597
86 80 532.4437613668794
33 45 311.8774124154571
76 97 657.8223852268283
8 51 25.230121173660645
52 27 203.1272626520098
42 25 396.6245504216333
23 33 115.55386622050843
75 44 79.60181582074539
22 73 202.2546947298603
88 56 16.8344326710299
76 18 44.82571221443347
31 7 224.56324210903458
80 72 201.58738259637596
7 74 28.215964279417644
88 49 55.65114382563377
2 13 318.29017551904536
53 21 69.5698250235688
9 26 627.4658552337862
53 55 106.07322205102425
27 56 718.5619739321852
15 62 230.39406215983672
21 19 26.93106340982191
76 22 159.4352289881058
60 65 154.4693771031594
92 13 56.80258706621784
98 64 40.604197683549856
28 26 1.4770770000795947
33 53 122.3822249784359
84 96 267.9612448961662
41 73 134.06092933191306
24 20 156.6425812667031
69 89 243.05495290685482
70 50 140.43656696213753
47 32 159.07747584936317
46 13 80.32737257126477
8 9 9.895928021174322
1 36 192.56121426710615
72 96 74.67463117893324
65 56 155.2128525376039
71 34 96.00892522960679
81 80 881.4846630682492
34 83 8.466605095818778
15 30 38.6294911656894
30 23 1356.7744542704966
55 3 261.78101212467146
78 2 247.8098449468726
22 63 72.42864752021919
98 0 151.5981713260755
30 35 584.6926899996652
90 36 256.3688885999661
51 10 128.0266039943345
58 43 66.58373200770141
1 44 170.15433241164772
29 32 296.1157275441162
87 32 103.34609940428001
99 21 17.076048553409116
2 76 273.68077593135
47 96 50.64856412342257
33 69 177.32038541875113
15 95 64.85057915753248
61 68 684.5338530021186
58 56 270.66311637343506
99 87 465.8276964165932
47 78 378.9179098242567
87 94 188.73080402050667
9 49 211.01374927261242
17 57 135.19718499651825
66 78 125.12230700191498
87 5 26.351306324397566
90 59 242.79774652602427
3 11 504.9914176274899
20 74 431.53809047605483
18 61 609.9895195261356
35 79 31.098772308269666
7 84 201.29557657185595
47 99 133.3349286051798
47 71 34.16523303727893
39 52 14.032276406206329
28 97 86.29110102810759
42 41 556.4339047170604
38 75 34.5268253565267
83 15 41.009883407149125
75 36 213.8995197964888
97 0 89.80464883963597
11 29 50.69341338709419
54 12 354.17001955941834
20 66 38.47650519538558
6 59 480.08310580196525
0 52 135.54512961203415
52 95 208.5821961903969
5 40 124.61180395789506
51 87 19.351069017186386
96 95 178.20055136687162
55 7 316.0265577376432
36 57 169.4873315342841
76 81 218.24012719277337
54 38 58.579695354134266
9 98 623.7086044342111
21 83 273.90424491788303
75 67 54.9080845638236
97 92 434.4405264729747
33 24 4.351900649679841
3 56 107.86001840428294
88 13 275.4988372887375
63 70 103.36808494650309
9 75 443.3515545183469
26 6 451.03128776252123
86 6 259.5862392560115
77 85 250.24489498111075
98 99 156.03568179093708
9 46 111.11486042644516
69 81 204.99541169937126
74 29 15.189963456706682
44 51 905.6445756576825
78 27 44.197398310552956
41 55 626.031663957843
19 34 636.5194632233931
75 47 85.99532239643813
39 33 98.63675004864274
20 89 455.71531044508646
77 78 351.1681645006438
8 47 209.58320335069396
29 18 587.5373874213677
55 67 262.33620302089815
56 23 380.006638331483
52 20 128.7310389451205
38 9 211.9133088740695
41 34 61.18401126541981
35 4 46.45611813380698
10 48 86.68066355155263
72 5 27.721757889354294
79 89 265.8862999865035
83 18 250.70424735633847
49 55 684.6742797134109
26 73 673.0547448881321
93 55 151.70543443585663
34 89 110.20992731512118
58 75 618.517997252827
52 61 89.98325136563669
40 8 32.95851278808056
92 37 186.7071516465894
9 91 31.260583774129948
88 15 258.00059215942224
82 85 840.1758355368088
73 94 189.6124953339567
51 57 554.5163889770694
72 65 48.0331659610379
25 36 237.2428077933956
95 48 47.01378720442109
1 8 139.01612885102762
88 20 144.5828805082648
46 29 26.914833524720887
15 19 172.66943416873636
24 95 1114.798661295796
14 83 21.938397880785864
53 6 132.63103405304346
25 69 191.95897440914368
66 19 151.2239702610965
28 98 139.09225375021174
36 53 211.2751122025367
5 98 419.5935561232975
14 19 50.69458225409066
8 71 104.43547144782967
90 9 113.78194124247538
4 82 276.59896499238306
51 71 276.46170412992035
35 25 147.7954112440434
36 45 40.688442499390696
75 22 168.08971521616377
20 56 392.33068730740877
35 16 608.8066417473955
9 80 193.035602054557
84 11 30.17542905967648
5 65 199.62707277611605
93 73 413.0673020763178
12 37 150.5784322630072
0 90 235.99414569907822
22 33 95.28892552447557
8 59 100.7647524056167
34 98 134.02700317952377
47 2 154.89261664964636
1 57 104.32834640760358
36 26 0.7851145611525787
47 62 44.921477449969366
55 71 401.138123091743
38 73 154.37948891882658
86 78 465.1202298047238
95 56 214.49712018981998
71 44 146.52915139095802
77 79 103.58820435384044
20 19 94.38193154474818
49 36 89.20506233828134
49 82 45.28345758353353
23 46 206.69809376807473
73 9 90.73903123211211
81 48 266.80440283538474
72 3 82.4759123664253
37 69 622.3782568873971
63 53 106.49329521332449
32 48 312.52587560542884
86 76 62.38788962547951
66 47 60.95821591322046
27 10 130.84938415601727
81 78 325.18037535932314
95 61 77.05634941463096
68 16 112.17845977299743
75 23 248.1248410193517
31 26 140.35145486544428
20 36 3.9370322502544512
56 87 220.59419689257575
99 86 25.73032843079081
72 56 84.53757513189106
19 93 248.1059703146653
10 17 490.1039589547325
43 29 47.4471787903222
94 67 312.4949981364233
97 47 91.39895631962891
0 8 24.990428177023908
44 41 117.55966930786035
13 99 259.24009603167394
57 45 13.489039711717988
23 45 181.7257593067525
46 17 236.81089098455016
74 81 51.336868264179934
62 94 195.05023695443708
49 64 386.4932789522099
7 88 85.41011227023756
93 82 19.702897141881614
17 92 162.60934109954158
1 87 41.639798767475966
64 11 634.0045096529961
52 17 363.2885241329424
18 74 43.39266613168988
72 39 198.84113002349764
80 20 147.02138530602582
2 6 47.51646373269717
84 31 50.17634572831165
99 81 64.39042855349598
71 78 33.83849394467223
38 76 20.21797582697902
71 54 21.103594964918184
43 48 239.97647753338117
47 52 485.63026832914386
46 78 375.3425886315577
27 74 278.23139226002684
14 80 159.56394312678913
12 92 138.4911519153994
30 90 414.37765110510503
40 41 767.9806097524641
6 47 23.45365368110109
8 30 311.32090817735167
10 7 79.02359417200194
50 45 80.89451934868964
86 28 206.70790464317648
55 99 149.0216211595787
31 36 80.77393720807055
11 6 302.2460613713829
63 76 249.66465052193684
63 61 40.00229974969804
80 49 70.85188760229944
34 2 153.35386994439816
60 26 616.6778624712604
17 9 59.808852143805765
16 89 65.82938555137603
7 8 19.754807087320966
76 91 6.336144664583944
89 29 149.93367951790393
80 47 281.3373017648749
91 88 134.2878671776906
8 96 532.2662663660785
82 59 258.8092737483258
55 56 48.135097090319526
34 50 267.14580079754364
65 44 104.23739532149784
11 19 104.47215298029737
2 81 246.97788611259543
61 28 161.99445721261293
34 18 8.71901085019966
83 56 537.3627364015485
19 28 483.5305208677914
7 79 164.10700109374608
40 51 182.68934532000534
31 4 26.946719190533464
33 49 433.1192595069535
58 47 6.369222674590351
60 24 60.35407543656408
28 11 136.40765783084981
57 82 155.40927788492
27 7 169.88470332923117
51 82 3.5605753236656037
6 67 27.72661768373602
68 27 204.10207429956534
97 71 15.618665239962851
5 74 44.602651625775465
16 18 9.847980390125963
37 41 319.02024043007185
1 84 140.7021245494546
17 59 584.540826018159
7 28 322.74757587180824
55 14 102.80791751193202
21 65 20.854649443266325
73 20 533.6038914537703
79 23 251.68612312360986
75 64 67.94893065812697
88 11 86.20823857565887
64 29 644.1983523834864
90 22 271.3958199620552
52 73 204.3114434424917
66 89 747.4170689984694
70 94 19.406207442789672
93 54 159.85029674241355
30 81 49.15563030780476
56 48 269.9165424890559
89 63 10.313515535224418
62 33 144.6981517197033
58 5 34.159052818627764
61 49 299.54628987969573
22 70 120.62707486885198
52 28 363.47582591235425
99 95 115.96618315493342
10 99 339.78211760936006
75 60 210.0862274969598
22 17 770.9886943288842
95 19 171.42258232684836
92 81 112.1193144554715
54 39 173.9466855510435
31 40 51.96729150370428
39 93 36.25697392809693
49 41 435.44326314984534
24 58 179.57145289395947
75 83 21.20764291485267
42 79 135.8606122651119
89 1 389.5065342561786
3 25 149.35781359281845
4 9 283.5428518889331
89 80 23.85297794859248
55 90 93.02608447760892
96 55 141.10017065914354
17 76 49.91835487506257
72 11 239.77122151111678
31 6 182.88592121769793
17 30 295.6520774532321
43 44 99.40679046563216
67 4 77.93538185502042
26 48 271.5899027193484
60 29 170.87775483781718
82 73 257.03689511333084
9 48 156.08988419718685
2 31 337.0915235467543
90 19 12.756034744598107
12 84 19.6741399798463
35 23 378.91406047292753
24 25 72.64297700253579
32 9 691.3669365717576
76 75 192.30168151180627
60 50 70.07249184965004
42 33 195.4975367273562
66 79 713.4985763033246
65 30 433.0539716666353
64 96 13.788156689173029
50 81 59.61849490388469
53 32 19.61288048226464
81 91 147.93721610009928
73 71 383.6987247218181
62 40 328.679136886465
64 33 37.7837860482039
93 77 404.8155485244403
22 99 174.56986653926333
18 35 116.48940843693569
83 46 27.01492072962115
67 84 164.00785810918683
30 37 367.3581644913064
62 68 163.87878205793947
76 7 197.7469198362072
86 19 45.272400368953996
59 5 245.4416416709305
10 29 212.63659625671255
95 1 61.48308820904427
75 94 176.14544657396613
69 60 235.69764933688785
1 39 139.3065594271705
15 87 50.531927889362564
88 99 357.66749675420175
57 9 111.6660280297111
39 25 273.0137278981362
82 8 335.18696738982914
44 18 31.137900458318455
96 74 245.28863216444995
10 79 67.73503682070812
71 23 111.78788498802984
52 88 298.91757275350113
90 70 182.0381630748725
78 11 494.18867540401186
2 64 841.434082198561
89 68 79.11854277922174
78 6 654.7971841807263
96 87 163.46620476527715
2 85 26.00575000094051
29 42 198.8516529695913
93 88 65.46100030710107
56 62 135.061328908257
78 80 332.4468485058752
99 92 307.4497903281047
72 81 1801.1873583463462
49 99 68.610185902802
33 18 68.27176569155087
68 13 13.67268275124181
23 6 234.44374295073814
6 81 456.2514006058941
6 19 118.71385400238886
22 37 483.37718217217525
60 52 30.89851114400368
38 32 119.11116028605046
57 29 81.77698776900012
5 94 286.96461730194994
30 87 228.65748444204135
83 1 270.0301540383478
47 13 55.41089577167251
1 55 31.437674821468086
79 8 105.25705163452972
29 47 23.51201497119473
70 91 11.612038366820348
81 26 16.392607012483676
14 38 21.660693776860604
83 65 132.68967940164703
26 4 213.16638796890746
95 7 269.22722383597693
97 70 370.8722665082084
78 15 371.12396778599253
50 80 297.8422846776151
70 65 389.34271800704454
72 88 73.0578831528663
67 62 114.62529988421304
76 13 5.485854780162128
73 43 109.62815279882754
2 89 402.0337402443384
56 53 488.2777837017814
28 36 252.77697279075215
66 38 715.1671517683416
48 7 165.56515094065165
76 77 108.92789789493942
36 67 8.862274867712575
27 47 321.47196974787465
45 60 55.81970459272109
54 26 64.21383612848292
14 33 38.54135887398628
39 51 498.1529969861168
27 99 12.883354103947099
73 90 16.32018133910759
47 19 139.77494927546024
35 59 204.5531875229132
50 0 980.4185945896105
54 17 162.52453227720275
91 20 542.6592982506717
77 81 356.86224638981287
77 7 86.0176717198267
81 55 12.530857873545258
39 64 597.7478982456462
97 20 168.63074750317054
88 29 78.68814823354144
99 73 91.4494700735694
25 84 36.147742246513964
72 57 69.2376278041022
18 84 194.40038517516052
34 27 424.2415349231542
5 81 22.086803906258936
68 10 111.2094097585294
3 64 81.39298982115807
71 7 44.78108167982337
93 31 8.908800315273089
79 34 336.3739865103823
13 3 155.8943914152914
1 17 248.35019632336065
73 21 95.7790466189243
96 22 151.62640648440956
51 85 345.62280816873266
63 45 248.51042780594145
13 75 113.50186888852996
35 3 26.836932306544625
59 1 117.84280466667619
35 52 146.69894194826472
29 55 85.1149845504306
45 15 56.96957203131847
47 73 120.79221435271117
54 87 758.0461007530458
91 44 278.8284172121436
24 56 212.78595334189978
73 89 126.9485593923494
65 85 478.2406970624037
98 96 92.61176365642004
1 34 523.8674427639789
49 68 148.71360705200786
22 46 282.17480341953416
90 69 15.280736303417408
62 75 465.03184891447563
39 34 565.8560537428821
33 98 124.69019117944949
44 52 360.36371933772125
90 15 163.02823659057125
30 7 101.43048128495073
11 70 78.46190213977393
55 51 300.122168026464
24 50 525.8614328364039
28 56 174.18843723178685
55 34 2.1324091303999646
73 58 221.6414239418885
80 54 422.14921309420373
77 37 320.0608864986278
92 66 81.15319156892762
80 17 19.534809346756806
78 43 564.5057239891992
14 69 270.1964308847149
74 64 73.21859964956784
64 54 99.41057748196631
89 33 70.44148219578553
30 82 919.3634780002766
56 80 294.9483534922583
45 8 139.6913181312207
28 34 21.2355389432594
9 10 289.5665748637322
20 43 175.95523066177282
69 61 21.326324927749425
91 15 403.5047788577414
71 17 73.96702942696864
55 28 21.37588416253085
30 61 340.42840044364993
50 19 0.7663165033726579
67 30 115.02811667043818
72 98 727.136654852947
73 45 154.9090998662787
60 12 14.560597724721166
78 40 3.6410751810375155
55 8 178.77322815556712
10 87 33.29896344436579
5 13 381.15833920501564
65 97 600.2848950092384
3 44 92.00182714948498
98 94 21.45446679485531
56 85 177.9356745303194
47 55 378.89190396327655
59 73 39.46286467993209
24 51 61.38909588596376
12 33 494.1925554175775
44 79 5.092615050026024
74 1 27.5839212298224
34 23 105.57831822943531
95 45 92.98692654803746
19 46 203.37016424941817
64 48 126.9856903869111
25 61 142.39018439514453
94 24 694.3939939313666
86 31 248.33891425050248
3 23 126.53206167184794
91 40 269.78986707148493
82 15 169.71573083372158
80 40 67.40393903911973
15 65 119.83547040007183
51 22 32.462532437809365
85 74 149.02701279680684
23 41 17.294139633908667
63 21 48.473664263284896
50 43 188.49646844170078
96 21 128.49349886040844
64 6 151.91542776232262
14.305971444365472 17.111622560895206 10.28884972222954 2.556187295685728 15.747297852769277 6.557379137680968 12.445081310638743 19.19298765883172 13.53301011516181 2.858057756591697 43.53168988021204 6.4853394966702265 3.758900709012442 0.2577531658514441 5.889416042758118 2.891990336331128 17.574007210655815 2.1967221424433174 7.5993026731795545 2.084162899391912 1.24413494726621 2.25975971596296 43.12322844057388 15.732620256669712 3.6511829313601134 16.925169249629032 2.7528335042790477 9.428978261792455 29.00225822355271 22.12717417476282 38.44758668244161 14.926502779075916 2.9148356296685223 46.694028333396844 2.64595106423654 13.832189079924087 3.9060299169709864 10.620636694197048 8.296477059472545 11.17899814196541 1.239031706165493 22.956709168800174 4.771028005643056 0.43391740922197775 18.911060713611906 0.7211323772680613 3.2408356794913127 18.058891889588388 0.45829281696737884 2.132751460389479 7.021120269198598 12.266238124718885 48.42234568211939 11.454088777062179 1.7146396415593579 6.003543734009912 11.634891107846482 6.787707303887859 9.332968850737423 10.036720629546924 7.30412484117956 10.93574316574869 21.153546178613986 0.3694107057993147 30.962730337481613 11.146954794826327 3.2688394350116594 6.422859325915088 4.933295088245513 0.07303670886993639 5.709607313620127 6.185461509899176 32.042166472396886 0.947821029200903 2.6728014444141923 3.5471121171079827 13.67394495009447 16.07605311381359 11.182262422671666 3.266899132692763 1.3635488319468694 14.347981632568974 9.552157418353818 34.6822642849329 3.904837462479933 29.637846030800187 13.057558708950905 19.652274404450228 2.283214411584518 1.4480771239266177 6.788627121789169 1.1202744003109637 5.477399790608808 4.912124146135166 1.5268824895682114 9.311012427726398 10.139218836358987 28.589680002662675 13.339439822205819 3.5156500890461775
3
6
0 0 0
0 1 53.45436410108201
0 2 49.24662239752191
1 1 0
1 2 165.93615340081527
2 2 0
600 400 700
