100
110
55 12 25.82206186936893
55 97 287.9994855892704
75 19 616.8387513448553
12 94 160.15942679482296
54 15 82.54079336443108
30 9 413.9080389688301
19 56 73.5465502639273
44 15 133.05008588305859
91 89 346.273975605625
22 74 460.7560027731212
82 59 193.90442714497502
4 96 513.1657152000357
15 90 113.72056314312955
6 76 39.25944564765523
68 50 279.38618350406097
14 79 384.156687306536
66 3 120.246642898329
44 77 491.5165963893001
36 83 26.30363648844257
31 62 331.4052946000742
15 22 192.66038258240408
54 37 393.32021649880147
92 47 12.562688898568902
64 22 260.263190624394
42 66 116.10026380238187
66 89 43.903360084600926
49 72 569.0225892867937
34 86 65.1705839117929
46 6 127.09188647698682
84 31 36.189040547672754
94 98 73.92355165870816
6 24 157.13360372411086
89 33 10.715384485638953
4 85 57.524993085535755
56 72 339.33474027218466
40 90 317.7694269638423
42 62 85.33941281680386
81 78 42.04471907366386
9 35 615.813270304299
58 69 0.005217202483476773
8 12 319.12650119327583
77 51 0.5054891910548204
76 36 300.67353906101334
66 14 116.86177522573644
44 54 152.1289812284326
26 72 204.71584013468686
25 45 18.863075307285378
63 36 75.30050598160912
91 54 525.9090832652748
71 22 224.89032277837939
62 48 10.867646974347304
18 26 181.75336240527204
46 50 21.982753791587385
77 18 24.69007527595314
18 23 500.5351076441245
45 98 112.20915361871317
24 4 385.4047084054813
89 35 0.8074726732838822
19 0 115.67846399518282
42 71 52.604547651933274
57 7 721.7115582352435
7 50 236.17692169799213
55 93 156.11748992209027
29 20 102.49572552804176
34 45 307.80909732161865
52 73 135.34186969098204
24 11 122.93354024748673
55 82 32.22085159736476
7 47 870.7820420049046
56 11 45.47710554231437
68 78 59.74024675765024
13 95 311.7097214899261
21 69 393.5773583489582
47 53 397.07865480062037
0 6 852.075567379836
53 32 251.3889286070012
9 49 201.79966981163022
72 57 28.89470348553568
55 46 135.5311393251657
64 53 120.552409527633
39 88 131.98204175010133
11 76 310.21058526150847
47 35 86.69284854362037
83 50 221.44420937011233
61 30 93.3451611435235
26 39 98.06458674275919
41 57 44.00899831558182
12 24 276.4526895729133
34 21 347.59690128675146
73 14 261.88987275414524
57 79 57.534616461418764
79 43 784.7028596585507
26 61 362.47754707370007
96 14 210.14397222041788
42 57 92.57822942614375
74 59 48.158189740686694
81 47 296.03473777419487
5 1 54.1486608975478
22 84 43.634532796445676
16 39 11.398384321235525
97 49 71.22211715686034
10 26 688.1786019421337
92 49 401.50908204480027
20 79 109.78849089412222
32 29 44.75378849053335
32 41 614.2365859014168
34 1 119.00072266284687
9 64 148.25096652734197
95 20 32.969180653764965
38 67 694.0489468199382
0.044794523466841166 21.956206707071363 30.716631194553443 6.641141911185374 3.430311289204499 4.451673013896966 11.323379484348994 1.4673742176023261 3.4381406521749476 14.123622681485886 8.510534009526939 0.6643015043165288 6.624991708711477 28.383294769673498 2.0717180396523904 1.4876351961110141 10.275086791000147 20.391822642082612 4.425712247180733 22.840725130971133 4.179979993913161 16.87292266137704 11.975427167612215 12.409382113238008 2.1450790034868783 14.50266589109109 9.449101777998738 0.17931838637911401 18.818744352781383 25.814990717694123 1.4748583642169444 1.2025200891832446 13.141494437227237 1.050398800446284 40.89833983101428 16.406012792996712 5.212940546524102 6.625430941638047 12.856471229086289 8.332577849475024 7.450083728111992 20.416449740028654 4.744790903182923 4.342972347759538 6.743848220245248 13.308629911015755 5.283858398447924 3.257206038223911 1.9495492292098249 21.837299308568227 9.209397364292059 7.168230539668551 5.42643038759162 5.249515509150506 2.9787924843474096 6.773397001203084 4.881656335327519 9.206841577114076 17.430218904263953 6.271037112751197 7.238830386585463 4.72260719589086 2.0395645680700407 11.847396381830219 3.0153424731274434 1.532325408030521 11.260361869620228 3.9145987046769726 11.012041938682149 13.14803806296129 3.613932838327246 26.270983216268036 8.225269759361423 1.8668257623547095 7.94296881950914 0.6144794375433725 0.45707402812972026 2.9808359529075106 15.177398727719773 20.115667841213316 0.1885008242838437 23.919362056940937 5.870657950933693 17.490998254525124 6.60658712868448 0.38219074403676234 26.392840802732714 0.7049134947937388 9.40746045033556 5.862725627813706 5.511160036327945 5.8358553279854455 16.54723561231211 11.030919715633898 35.279762087634055 8.668369752007724 5.473154380009614 1.7954724291492676 6.728733604422697 8.967857567828991
3
6
0 0 0
0 1 318.4437013850757
0 2 60.95760196785177
1 1 0
1 2 303.65075021175693
2 2 0
800 600 300
