100
1607
71 14 36.07555572887321
90 60 1014.3502526648998
69 68 135.48700470489746
43 56 192.45264008177668
96 26 69.19589523862527
66 77 188.44105028335323
54 85 290.8095374972166
46 63 504.42482799226644
17 50 467.39647908061545
27 6 264.953192934952
97 29 194.4230192498146
29 76 103.11674949101356
61 22 193.9940025130604
23 3 17.696973546088483
6 35 340.1084222695549
39 15 474.78227642880313
79 68 273.04406288724283
54 41 293.20195165940277
62 40 88.12875764519494
27 30 16.23532644100106
1 28 263.1525971204029
29 39 122.59297831511884
54 78 178.15278150538566
17 84 114.43824070516379
11 8 61.122932391022175
98 77 71.92396898813688
67 94 56.122038938033555
15 59 50.28074358353526
37 13 20.92730747821509
83 37 133.54263601713626
88 58 432.52437216798
20 65 312.02627068275086
77 95 68.01549702325241
81 61 155.17841256686793
61 52 13.746288348787324
21 99 127.73559066560539
57 55 69.24860912491651
50 64 95.0530736035063
16 7 50.94208574494593
65 67 51.4721581656735
87 92 10.171893639703079
0 67 620.4486096003643
97 67 478.48063355590125
79 20 904.828136575168
13 7 128.46715070605185
79 26 166.45026003678188
17 3 28.80124618397405
45 8 143.0395328806941
30 31 116.28543256723705
33 82 381.48044512410416
61 1 964.3096197177
94 11 82.98240412281018
12 57 204.1826456788524
21 5 15.153507989863726
38 32 48.94010223698052
0 48 540.1332551826588
78 0 29.522183246008986
77 56 247.66101455706476
52 45 41.655556116903476
60 56 916.4028736268598
57 32 476.70686755749995
89 53 537.4100291426108
98 86 166.9840706606345
86 36 355.98400674838666
24 84 76.0538338353544
3 20 78.74406786667933
50 13 151.4539390485315
5 23 118.10937472869708
34 99 10.565689261457734
8 47 257.4289576607525
10 66 181.54297323576716
90 23 200.10577677663042
29 60 70.64125575732713
74 21 508.02165292781314
83 31 70.08229657940693
12 76 145.96997707025375
82 93 1.7072852829862102
57 87 159.080618112204
76 51 191.23138113857513
22 83 188.7351681101808
69 5 1525.9425765261226
25 73 105.62148969939098
4 47 539.6381064301899
34 52 118.70406007069994
47 53 47.17225607730403
46 53 25.375017627957686
14 51 84.77936623182238
92 98 376.7867340876968
11 13 475.64541077659896
49 44 650.5650826669785
81 97 272.04860386158657
63 16 276.869652772453
43 51 318.94224126935427
42 12 149.12294703070233
28 63 212.68716080828403
99 65 186.2012101228371
80 48 950.4362541531405
33 22 91.21387074356717
58 8 104.92869662861581
21 63 260.6045905198512
80 46 121.35316791881401
79 5 499.0485190460597
9 49 1940.1347635267164
27 90 611.0413504276244
72 23 91.90767736831307
6 23 80.80469119755432
93 67 128.79443970669845
33 54 166.3930636010012
14 97 161.92875874316817
83 63 31.917111847768158
22 15 189.38069793254064
34 66 100.5115982987489
23 54 36.47366651938645
94 54 819.4225036542992
66 83 56.230052761015145
99 98 322.61689603592094
84 56 198.7720811240889
80 98 308.7157053035289
36 98 167.76930358837046
91 33 200.41841434977772
43 14 46.879197509196736
82 60 208.69378173135092
74 60 32.94121572534267
59 4 966.6621605797177
7 3 245.50230427691378
18 80 18.86314304884476
64 15 279.3559512015603
53 6 8.074331911392763
73 42 272.7685298604699
26 5 152.90499175377818
38 50 49.38219949378141
50 43 127.12928177116798
84 25 232.3282075018755
65 39 62.58294256523696
98 55 178.3248315174405
64 34 413.1304344898178
60 53 616.3990003895008
88 5 192.34264402703823
33 94 289.98784765181915
31 64 22.375418430080853
36 26 26.545514906141747
14 60 42.21214105440587
47 41 635.1302475953522
50 52 1066.8255594316395
52 39 821.8097521518005
73 0 3.810328667051638
59 77 143.94997702577325
42 31 29.45991029646023
56 96 105.24504830456114
68 46 31.069036795224825
96 5 162.7613468561977
31 24 75.11192773329655
76 80 292.2894453514089
10 84 240.6200331407775
88 12 94.76863662653571
68 24 15.090070957804446
96 40 78.69127671161313
47 80 387.2871027335842
77 33 96.6839905106971
87 71 80.00605545804864
18 0 0.40396675059451653
8 71 7.386828505057898
22 71 796.6497103684247
71 19 108.69682968182741
1 87 243.49369687200513
66 64 240.03808977037008
46 88 261.90525924255724
7 81 516.5184242423079
58 65 44.61411523283597
58 41 76.55600649478995
54 32 260.17247965302556
32 26 40.097383681184716
17 35 1368.9404288035735
36 21 219.18350610258224
28 13 451.2489048311655
28 75 308.5416756615138
79 27 369.8324873101136
24 87 5.359886264883814
46 4 65.36475704858782
74 71 161.28975197200305
2 75 100.75156516413135
18 84 66.04620701500528
1 57 88.39788400723553
50 68 153.55892352838424
53 26 129.9205169913566
47 92 770.1242506113227
53 78 228.94358586606413
49 11 66.39934942801041
52 9 371.3480115586946
52 74 311.5894497333992
7 2 314.19358886545876
43 45 202.4238607549244
6 39 265.0587414195445
55 64 48.75783399280619
22 78 164.74916349586192
11 55 80.09463099442247
94 82 0.42687422249580254
17 2 37.67163101949181
80 51 207.07078077199446
45 76 34.21682412172536
50 32 444.75358558173815
5 50 737.9326869957843
0 16 38.0370938861059
8 38 351.53018091662955
50 85 7.006426644383993
18 41 301.7131318762958
84 92 31.728078061728297
4 23 233.99298069043027
22 56 951.8789323133708
12 0 171.73652108905978
94 95 337.82016170366694
40 22 34.44989661228172
99 9 381.25624211657384
21 11 14.286643962279383
91 35 107.81577495732529
6 29 2.245162692403193
6 48 2.6649052483035653
82 71 63.845385989323134
79 14 109.22077808808619
8 15 84.68955400737251
23 32 593.0636972245399
55 52 28.917481289675433
9 22 259.1209979319318
62 50 426.0078997155075
34 38 110.41932950752256
64 69 173.8907950441628
58 25 18.078958238451598
98 24 134.80263029977857
39 56 99.79019315617968
29 32 101.57721923540497
48 92 103.38601726875739
70 92 65.47214468696797
39 68 140.05268267398614
31 15 8.365395408104776
97 45 110.84356654378855
22 75 75.20837470834756
71 1 779.6371138703461
39 61 1088.4906801873103
30 38 322.07985347581683
62 63 18.838157659308976
25 47 107.87755940126243
55 82 191.41429209809598
38 15 104.06287349176905
5 74 37.56889618230572
86 14 473.1729146273409
29 11 106.83860144946694
68 91 86.98028587199249
69 72 892.4808750188017
37 36 288.736784276669
17 63 209.7907655072488
82 90 17.185003768876644
89 20 231.13583512141312
47 68 12.268266129222408
63 89 240.00611650755198
27 78 149.85132458227753
52 49 6.109343714774554
39 16 14.570808955172772
53 83 18.600716202609004
9 1 97.87373353991417
96 80 387.66062674839145
52 70 292.9788761918059
33 16 71.51330142628306
35 64 39.75606240763136
0 76 44.06296196441776
35 11 118.52402135294776
36 65 104.04768410596598
73 17 426.2452286886857
73 1 70.17355095550325
51 94 191.69245351901114
97 90 92.94690658868132
95 66 193.73803773452804
70 42 486.2240490113488
60 52 872.6964904947472
58 92 522.3292371772881
86 95 354.6176965553046
4 62 597.1862584813287
34 21 118.48595605650476
91 43 1.521735036647124
59 24 105.71646079033941
74 16 435.49844263270086
55 92 19.06341607660306
8 19 50.134100483995624
84 26 86.97075417909036
52 46 132.87435284919624
85 92 11.338861161769822
71 26 1.9199602726548637
32 17 522.2031779968021
57 20 394.82705921491436
78 7 87.3435762664009
11 51 246.63028881201762
4 45 189.40325803764452
31 39 11.7655385331201
25 44 437.7835191218983
17 48 664.1900002413498
7 35 41.96568734920459
70 11 71.68503671182735
89 40 154.50563837521713
68 65 19.243283505041216
25 67 314.954463595507
62 13 38.73793886224017
62 52 153.5742074648056
98 31 54.56804051974162
19 44 18.79791440726323
45 19 544.5833548965436
16 61 83.21165998839115
88 41 345.3756837782675
60 1 74.8481002999836
29 28 49.691282887221796
27 73 324.921464017893
13 36 42.61187390074717
46 74 121.21525970753093
20 38 383.0346892924435
12 9 281.3737483006113
70 67 6.373261758451797
98 19 293.3859510208372
60 80 783.7235353987026
20 30 88.59351496164611
68 53 473.0937763486974
24 51 123.87025371631324
43 10 137.08234483647684
13 82 75.83384950228064
83 76 79.93004019813357
33 58 354.2000125911033
4 60 121.3081553845831
71 67 513.3415252473608
89 83 380.24596367117647
3 77 568.8797501302627
71 15 43.149891639468294
77 9 325.75932221591154
84 27 88.10324585169889
37 61 36.91883008537688
35 5 105.75406433399704
80 58 127.03840696223922
82 7 273.15165618512566
99 69 262.83818794557914
77 50 45.14088811531011
41 83 59.724037220870876
11 50 452.9632333237304
50 99 41.868444318657694
62 72 56.20357064060675
28 10 22.720856963335116
99 74 29.68123009947411
50 86 208.6018618690237
27 76 34.01264867216635
67 50 168.8601132506561
16 50 363.2970265920153
1 29 296.21353906287544
72 4 96.76643884375558
23 82 375.07201636542914
81 84 17.802915930673315
11 61 43.61545984796534
47 3 58.90084825312144
5 98 153.75987418097418
67 31 87.66490107999925
40 25 50.857743720885615
89 5 364.3378378816687
52 88 46.71146476221551
30 23 299.7563336828939
34 20 231.7748270614247
54 42 128.88464218166638
29 59 36.49161940846027
54 35 141.38136588397202
9 62 101.96148579046462
32 62 399.25311672842287
46 2 199.39031757602288
19 82 18.830162646261655
63 86 258.34311124010327
20 35 205.18254697366913
21 2 17.755086586368222
24 47 131.5142767166224
72 74 624.8057543391644
68 74 27.089466915161974
42 61 79.20283908230515
24 78 186.3558770444059
64 57 1273.5178807030031
87 42 820.5980937269815
77 21 286.0406013731706
38 22 268.05826713835637
93 19 64.25755469839825
93 65 204.69309388844627
43 37 593.5576756915304
85 36 65.01639129700759
95 46 511.52811078843365
67 32 378.8779889077123
82 98 53.075433942981384
95 22 366.4604756204506
11 71 38.8518890642389
29 8 442.97137060516087
84 64 114.9079585563173
65 95 326.4910529544148
48 77 171.689576534175
78 95 168.68298440227508
50 96 316.1165333180067
65 24 578.9885491968914
65 71 142.6209452380481
12 50 186.1864464763106
92 95 175.04915570404503
61 24 552.2957637223348
91 9 212.503483129138
10 73 131.47703042197045
62 17 147.39599821736834
73 89 77.1464478761726
85 2 295.7858683588531
25 18 2.662413396489782
94 38 20.89854266746568
25 74 13.45056811303394
9 29 182.89516392764597
46 56 131.4529821416989
50 84 531.7102823605982
70 41 102.79825974035386
44 87 188.51898972740437
36 89 472.2216067953792
75 62 67.68931609658796
15 77 344.65347991245915
88 30 542.4283415458777
87 18 222.6542879150501
34 33 15.346472287221843
59 20 118.23442134712178
3 78 338.25279260345184
78 88 380.77724205077976
47 14 368.6535605836808
2 14 62.61173282826491
92 24 81.54531621890938
28 54 168.52292751510012
40 8 122.1085241902885
47 18 381.06505549202
51 62 129.15087491885672
47 40 175.24950915975933
78 52 12.175805323586726
35 46 12.405780510519996
78 37 415.91978648680777
6 16 810.4179102923748
75 74 18.867578463176006
73 87 126.76743174887264
87 88 282.6172062747093
85 97 18.67998285403342
94 60 144.82834467472577
13 72 121.98009692808789
5 32 244.533358295259
46 92 106.81680105681659
75 35 9.607156880067889
96 30 133.3781498859485
5 75 74.1737515322821
62 60 14.666629711600388
10 15 276.8984547673068
13 60 82.85022606263198
6 97 170.4319183966533
86 17 202.23396397233108
73 91 253.57348406266107
24 12 30.121010008135013
13 16 390.48368535975163
1 86 295.80368772859356
37 82 556.0990553000954
46 26 79.4569939293278
58 5 203.1584777304742
70 8 262.39369218056675
48 64 138.33353956434576
39 38 441.8637345845382
83 26 428.3603130811915
40 26 121.05286549010788
45 70 204.6983723759461
59 21 353.9658309065949
69 66 183.0130752763023
92 79 464.96508670993853
7 69 111.37293433950785
48 9 92.96865527322633
92 89 138.74545089996127
0 28 821.0435003504921
29 49 6.019010665403386
37 2 168.76601012846044
44 94 549.2528538714796
22 26 620.6621549759448
40 84 109.05044933514742
87 55 22.429443079729168
64 95 338.11057517467157
82 50 113.83014959429852
76 10 71.66208154273428
39 14 367.65666081032305
54 65 340.237055616894
25 90 2.064815324160075
97 27 29.772020785749287
86 27 297.7578352333183
3 42 21.901841465658407
58 20 15.637439405672898
51 60 177.60240310172696
51 77 40.94346260895401
60 79 136.25173034925447
62 70 62.483996173367785
60 49 39.12617172384631
28 16 92.02879541165456
62 26 25.365135336095197
62 35 365.5633863810687
10 96 36.29492615358765
92 25 5.789812818887185
87 15 159.40356499362133
33 62 250.09329835412984
35 80 245.92881278122877
99 24 197.54231640257296
35 27 107.86247780357736
10 29 58.726406956124556
68 3 209.29825461508753
75 69 153.82233730687696
92 60 23.636468751239896
1 16 5.746453426047016
8 57 144.9909903832159
63 94 37.924127446356174
22 42 430.8359130838258
81 83 109.63190412641272
26 82 66.82740337243686
46 49 21.40763600113923
78 21 141.0901503770213
77 45 4.4290862105113415
10 97 202.5040108380422
31 17 37.541497320458255
65 3 67.53942869528582
70 26 90.33575208251054
67 89 392.35313826665094
73 20 105.06983135778252
69 39 49.22638945838407
14 67 260.86163485082454
29 53 206.84087542265482
39 71 266.74424886686967
61 63 91.87865472736054
18 57 157.30928596996117
85 80 24.69193049574111
57 82 26.732250615924624
7 94 195.66899016242388
8 79 66.57151632649285
68 66 31.149644810698756
10 64 313.26324579813155
83 71 505.0242878519387
89 46 6.131729703438563
86 46 36.64965058101035
6 84 19.492713491202803
94 1 14.675120230238022
1 4 163.64214263720575
18 22 422.2306206319402
71 72 120.07241376790898
5 85 232.29007917471316
54 8 249.4519004365767
18 93 125.63710560483767
96 75 218.51909720825776
25 94 43.58624036869985
80 78 276.7606940682635
53 28 10.735561778196526
17 81 304.0354654232642
95 75 29.73843286085604
0 3 299.28845248968884
27 60 26.313830383067415
36 25 107.28502920158942
13 85 329.8014510989897
36 64 41.32081667606107
54 56 49.84114318909763
59 88 437.2592563857953
10 14 147.47861268822476
48 14 227.04012856564387
90 74 352.9649998919308
48 19 185.00573287011767
99 75 343.8645521188408
1 82 207.26535684601703
20 75 500.84027955452643
93 64 68.14564035934428
74 2 82.31597124024559
68 59 203.8868832369257
74 30 235.7969832448146
72 41 328.8474067593701
59 41 242.31533353781325
62 42 785.6517339999018
55 16 333.0166674671282
80 19 33.275751473194894
39 88 291.0550574973737
13 43 487.2716887822307
37 90 543.6939375390489
14 53 24.139241632909698
48 26 35.19493445333547
43 32 511.10488631948954
92 45 18.138444569006705
15 41 178.74070017846057
23 47 61.135918298616744
99 85 47.43164462126336
79 87 60.1226841818215
29 78 141.0087049927428
42 82 222.78736111503798
38 65 30.103218034341335
36 15 14.182111488219048
45 26 731.8131327903449
92 62 65.42750466285892
84 19 100.73321779579804
18 56 162.0721041651563
57 77 124.51859188788816
65 4 461.52568600581026
60 50 37.356545120484284
95 40 153.71412581021497
66 23 128.52149623797425
38 90 193.31191906220528
62 56 109.98681511799673
90 15 148.081102955172
71 29 523.2514502382445
22 76 30.23035809994756
89 12 323.03133374460435
26 27 390.5898820617324
34 94 53.79714255267071
29 27 161.95236105428967
73 82 30.116036960437835
1 13 224.1912385796242
9 23 215.16720403198937
30 3 52.63918708914819
32 25 98.67954803875013
9 90 21.66455757642872
6 25 531.0314442952892
99 43 305.1575679342111
20 16 98.71785710976135
84 38 332.98695895782976
88 85 162.27073538739057
88 3 172.0480206393354
21 89 390.37924891114307
63 64 177.83430981342394
34 35 108.1346110872365
76 79 110.46435656050357
83 30 131.35445228145676
9 97 130.72733442321604
54 5 158.9830068036935
31 10 47.96852874237018
26 92 53.85088896689146
66 91 202.44126911657867
47 50 183.55722000260576
65 94 370.6101690171825
4 15 729.1311322663099
41 5 70.57188633240506
80 50 594.4333795474305
99 33 101.73763751233302
43 88 118.25633111860165
59 90 15.930064345220757
37 76 162.33255009166987
27 82 391.6638434886105
95 82 5.553683435388632
87 82 35.1261664903945
35 79 488.34298274240666
5 15 124.70562966396497
16 37 213.88258787984688
64 83 68.68044010066968
97 70 45.300657081707186
64 9 139.1795618788638
11 76 664.4834897473531
42 57 82.41954341670322
48 81 283.06652519447107
47 32 38.30728578467949
67 18 7.425771314965095
41 69 12.919041308362115
69 44 29.31680308908874
92 65 172.36160897767283
54 43 84.18527831072467
40 13 406.98974670727466
25 2 0.022894329293836637
95 79 143.47327605654752
33 49 270.752654198722
92 2 141.59915839838314
41 75 133.11202840118298
70 63 103.09770857601114
12 43 141.7113856758388
94 9 222.62400565185595
66 55 159.10659017202482
90 53 42.609137017451204
83 16 202.8440425722922
8 5 190.82731368433346
33 8 13.44270358327832
30 55 25.287281879240787
29 62 742.1053925666008
19 9 26.637616164498834
15 86 23.344301965203748
30 53 250.95312569054659
99 20 542.7881012831813
64 26 118.44669349838301
96 52 189.96029101420916
68 97 163.5607737833809
11 72 54.24787359820932
28 45 191.61875906206024
37 30 230.69842027475093
25 85 156.62835363397744
50 70 40.723562139302075
78 23 136.05092166423725
7 96 143.13875819727977
59 65 173.39697877170357
71 50 57.81111733475791
86 29 23.480195509372624
17 28 327.6792937230754
80 0 124.43192331467496
89 64 29.842572289649876
59 69 380.56870891179733
11 85 77.60166801045719
69 8 9.261848581068435
69 49 40.70370517044609
44 64 49.70434134840758
55 89 468.7425169381219
63 60 281.5927080197735
28 87 251.6894519665303
67 80 150.97761686051388
34 7 237.985492006071
55 61 79.59008382941737
66 99 175.4072209787357
11 79 1.179037880641746
45 29 614.7511218931256
52 4 442.8146265207483
67 47 421.2964747465038
53 57 526.081551138379
58 82 105.8244477642802
76 67 393.4804279956697
47 71 2.1480960100937354
99 53 157.5797118749505
39 18 200.79759413866293
68 77 174.72946088167635
6 14 669.3511905759831
55 84 104.95681863251876
27 0 19.902004805836764
49 76 69.42155610769395
42 93 94.95123678606885
1 27 230.36362260968687
59 58 94.7590814629735
19 66 246.8857421251247
63 69 7.402193731288713
38 4 686.0864745899189
90 0 89.3358148125584
82 80 360.55098670397575
71 32 13.589044634333222
9 54 178.3932561524102
88 63 24.920690991079713
66 53 446.7174631245646
45 67 22.084506518787585
84 62 145.34567523498933
66 70 293.3294116862726
61 31 132.16877994802522
72 34 73.27212165438675
71 94 509.34044328053875
67 7 93.66123861157865
28 72 39.6140859172929
77 34 44.5714751803976
53 3 116.09460154052398
1 89 3.363888348077622
2 53 188.72650324682587
17 10 377.38650196378813
10 69 302.9970392176014
95 93 181.118712891623
98 0 484.0435462704663
2 90 644.4762140618
17 27 153.04617749321199
23 96 432.32435276901356
13 21 45.835536075350795
20 48 64.66619465765024
25 16 544.051336826602
88 24 166.34435532445642
22 85 48.43283988481094
75 72 323.2764592067463
98 59 67.5046730913348
76 54 375.62217806270104
38 69 264.4923033186109
81 57 116.70172952051414
92 61 259.4592575729967
93 59 314.3869464084393
1 92 147.77674870669898
73 38 205.2624926185116
77 84 302.83235248978343
18 51 79.21081293078548
0 75 153.59191744035408
93 90 1017.8234475369751
88 10 0.07802412770921387
18 72 73.9301956221377
4 73 222.06266365845084
68 60 345.1053452681503
78 94 269.48663011177257
88 81 24.450206405384915
84 14 183.47913400286916
79 74 385.0388101647325
74 62 127.63616547563383
90 4 222.88377555857818
39 12 23.79554226053858
96 49 45.02245080999987
76 6 114.16406620952782
6 28 197.72190732872454
3 6 128.5426851616545
67 69 371.19184756679215
89 22 62.443269571234936
40 12 2.6224719820406923
29 0 32.37318918936354
73 30 268.4637300350607
62 85 90.13849235024333
13 86 160.73332974218363
1 79 72.354983384359
13 74 287.29454156160295
79 36 80.41767712972052
87 22 128.7134390706435
19 5 70.08158921373571
61 17 130.47967578790914
71 40 244.15795031660124
42 21 259.0254181575166
49 38 57.03321023048442
56 42 2.3383083505342075
55 99 16.258236506046654
16 97 184.4275260732602
19 91 31.03418749481425
25 21 114.45135400207123
57 4 920.7685277089636
54 12 161.15216220520077
82 21 117.08496326444869
12 38 0.44695545289400024
55 76 347.64609505810927
72 2 273.61400781880195
87 60 55.03947931420372
98 88 12.045150338702058
89 6 321.67045826014447
96 2 603.7760163039684
11 53 98.05559417233118
10 23 172.12875932567295
77 25 424.3877081051402
57 10 258.8251331779134
37 50 157.81990309065003
32 10 183.42732142985062
31 84 35.05057404466945
35 89 140.96330806857222
18 13 64.17829613782014
9 60 93.55540022080257
38 27 83.62053943798188
63 55 190.89922080387421
51 2 85.4071308119019
28 2 511.38815034495667
28 8 298.8205895865054
23 50 112.94662856820099
79 23 31.02151532702991
19 51 462.48053063487725
27 94 194.0478536124144
59 2 105.11368386222757
93 22 73.12916031624512
98 9 7.6060726405594155
97 57 252.90731351218784
41 61 501.46848045133055
0 96 150.07087912261784
34 40 19.220909045223827
58 56 47.435866034631836
82 65 70.23557769964864
73 50 33.017137836147775
52 65 18.89339369520484
36 56 464.47637579664377
45 5 18.905923830346374
9 41 49.74984083796254
3 72 626.3389607644358
0 32 72.28287079856757
56 23 21.629284956249442
77 81 544.4038060870449
0 82 75.77925242032406
73 59 195.6711425909688
26 91 298.8934795093222
34 5 49.68515962453494
43 15 33.870774418907196
78 20 367.734722612314
96 53 192.6895391074102
34 44 51.84171533081706
55 12 54.060828725397535
14 18 147.44812822978025
76 21 46.017528212202
11 95 19.539438571729033
25 88 25.106171837551056
5 44 352.03091581977804
51 82 10.829999639771863
27 13 52.110727812744514
14 45 6.436404404315758
4 64 25.462752902391767
48 73 430.25359685830074
25 45 105.3123694248442
77 6 48.79370580134841
81 67 261.45079882732693
95 47 216.82302052467116
62 16 310.81631633210986
54 34 17.97466584125125
19 53 73.67137396528007
71 58 242.6091137357498
47 93 5.728017792907808
61 27 95.13342260854752
4 6 192.60157719380382
1 8 177.45740220153536
55 56 437.6167460950915
93 61 162.96650271167474
42 47 75.59595165504784
57 7 490.7709973989949
95 0 41.22712855652351
42 2 130.53602239537975
27 23 647.4014639659779
44 82 456.11397474672344
69 90 241.38640667639925
61 33 27.643383053695896
86 16 397.11095872703476
50 34 151.98971892938337
36 80 642.375439554883
88 19 27.149005085557178
68 22 226.76094030915402
62 99 453.11781126726123
42 99 67.76857243055669
28 38 193.67842272156582
90 29 45.352089490105605
76 33 426.1173682144234
16 89 46.05332489478967
91 21 102.8236847924244
41 16 29.457945028738152
30 19 309.22842078518494
7 90 434.6094544706419
66 56 149.25133398282853
89 90 257.67772718562594
63 91 47.77824561728916
85 30 384.1132942784587
45 22 161.96468899578983
58 28 148.64641034088373
4 16 142.32553909911377
99 73 140.58526922134732
68 28 33.94346090741399
93 35 36.34885056199028
24 85 159.54652438837797
12 98 191.01237288999445
56 20 43.19341887142927
47 49 1011.0889953881689
15 25 86.73884654419567
90 41 187.1090043374658
48 57 133.9207347071861
22 4 436.50402235281393
24 62 436.86861084370537
80 74 553.1644692600788
28 73 22.90373206137693
71 99 194.14417889105928
18 45 2.045296325119245
44 16 402.1770269135751
58 63 13.131244002256755
72 92 193.70302599189122
76 72 138.79843023676776
95 81 299.76128040189275
61 80 938.2983209114519
88 49 15.371359585672634
49 21 29.09247304874979
18 90 287.0128223855836
20 98 470.3230483174996
43 83 173.39047678746755
93 9 45.53480301133124
40 70 112.01927873058544
70 35 114.02620923083889
65 84 113.85474280538767
74 33 601.2351769054488
92 96 335.26357074793174
33 87 163.4807523531467
85 3 13.032525929235952
67 10 42.11496094760182
38 21 335.4812804419692
99 45 105.27553564559666
98 56 916.956918616362
64 27 54.68171647299879
73 43 427.56903241036576
89 23 103.8317970793861
86 81 74.2138122097685
2 31 99.40865061511208
93 23 303.2655434297094
27 37 125.30187984003621
89 78 122.6802722791373
75 70 510.56826483096955
57 66 210.04259304303935
35 32 108.78104700177869
59 40 65.67681157097829
41 30 215.2874063002983
91 48 270.4472267801615
72 61 224.31473157315307
24 75 96.01497083319065
8 68 209.9881029949079
24 22 250.5172269064045
71 91 277.5323810732214
50 58 31.170506836632672
80 34 134.9211324822109
15 45 513.2280896093112
35 72 100.30299270674779
69 50 169.42741886226847
66 61 272.2364783775062
7 22 141.90342772480705
72 5 414.1996488617755
4 87 49.14169137009968
52 95 32.460388873991285
93 0 34.0119191505133
69 9 108.04530742612468
18 12 108.51626232752518
84 78 187.39137399922987
3 24 217.1048183916747
25 17 157.05236620919268
78 50 99.67052738703079
86 12 0.25827995227128764
49 28 148.64894440305733
86 4 97.98576163597286
57 23 168.50380667935812
39 11 416.8830644702913
55 73 140.9613820147746
52 82 197.36679593538295
74 34 89.60673342505356
0 55 732.1870487191899
54 63 271.0970153369517
73 14 25.9723267030819
94 70 100.48876203175877
89 47 90.30755811060244
29 37 251.32110251205702
69 4 582.6897072964225
17 99 19.337898226701213
4 21 25.547448193043255
49 19 363.32248957724113
35 98 98.99826113109614
4 78 121.75758443527072
37 73 63.35892725345015
94 18 276.376575816409
77 2 909.5946407331973
17 95 269.3048515652287
99 63 53.11734734345428
41 56 326.1211592439031
67 78 116.16480937827018
88 62 116.7428470312681
65 6 279.27140073647706
6 94 58.233452405314104
0 81 52.91816452975362
22 14 69.24815070243174
77 97 268.4824489236591
86 96 228.88230602336378
56 97 398.09111609372405
42 5 125.45944923690246
51 99 20.42905917378638
18 2 106.30848455882445
43 23 278.89578144345467
70 83 78.85746191282628
93 75 136.7036883947921
23 48 107.99037098712472
61 65 131.68148755059045
3 94 41.99143980209402
85 89 61.60425475695386
23 31 245.7945281599064
49 54 70.57319912721015
6 33 363.63798000947946
26 97 57.31102909452617
61 56 29.829384117840917
35 85 26.035531474740665
67 35 319.2903508760581
49 55 33.47026345035686
89 31 109.76371990102807
25 0 258.422421950593
19 20 28.27273211997636
79 6 300.3341177240589
31 69 12.587662241842542
11 98 251.42739060080527
53 33 160.54326857077615
25 34 63.20448473081326
18 29 23.217374790999592
47 88 44.00015876319875
30 94 30.675250596134042
24 67 33.58006493836504
65 21 214.46847378332862
70 88 277.02720163198603
87 26 365.54030289383263
87 58 324.6176214937633
95 32 290.009942205555
2 6 223.01132632975947
82 62 9.733941459262455
34 62 98.1172674489427
33 39 187.6406216603303
41 8 17.427591182305047
82 49 137.09020876508836
2 41 214.29109209082267
26 35 215.72286685698452
76 8 54.80355461924551
27 2 152.5118195248183
99 77 892.7075677589636
54 64 10.347903449532785
72 73 286.0201298024717
56 89 135.54827630997536
78 75 133.05714680251083
33 13 708.1332497720865
87 98 348.8341837307617
75 36 43.20922944684775
47 78 33.882578060680956
16 67 23.497189080549795
47 16 89.61691284289363
84 49 150.98945368648725
55 80 497.57119161903216
88 56 233.21786591090014
64 32 17.883366928349993
81 85 16.42155039481
93 5 211.11640052707153
29 54 194.20219105096822
14 65 32.35986540052571
37 57 49.97565453903689
40 54 269.60573980421003
7 37 65.18343454790512
68 30 369.2082817308619
27 63 258.48098450448236
66 44 142.27869301005575
33 86 158.7112464321142
48 71 595.2615686047504
37 22 131.47601758843464
67 58 97.82389557643832
76 3 179.41908091075086
60 58 1.99603632609195
44 92 205.735960221305
43 49 517.331568324876
59 9 73.99396188918114
20 12 103.18026599334995
12 61 60.45414769598476
38 66 611.5034749680459
78 74 252.99768056600507
48 28 629.7457850200138
37 58 13.730262658748526
22 59 143.08156786091538
43 62 320.1174595967536
29 73 352.3528632995487
36 44 312.4364362219222
98 30 647.7209826398883
93 80 33.42379882304562
81 23 1026.3680576097893
70 46 49.48069157579253
42 77 725.6332712427674
69 96 133.78245742132196
85 44 335.12637338034995
17 41 405.96432834409154
48 12 284.8893104940161
71 27 42.99680911282977
85 29 232.02587767571282
3 60 292.73538237560615
54 26 568.9465876321112
80 62 323.31680593874046
27 88 432.42897487853804
33 95 277.1600542614137
66 25 298.1481888680179
17 9 244.3243864578364
4 77 288.87523253843256
58 23 130.04818226209852
73 90 295.44602833504587
48 85 135.60403879328436
58 16 251.30847625878027
91 2 86.90409688182905
5 30 133.45531262038747
14 96 401.5194097676327
72 70 0.1433467044128669
91 92 11.982303825103513
94 75 320.69427940813716
63 2 14.875806857799494
0 74 149.102586008746
54 88 45.4945501549464
25 56 282.9219992764624
60 31 590.4974814504915
7 63 246.20460955496034
49 78 288.7330545032846
14 61 145.35871045081333
19 10 127.56441211651546
39 45 14.984557603329124
28 77 54.29703255543659
35 96 89.14659445741626
36 20 213.48777269858647
81 51 2.8219394757886302
71 88 295.99497467047405
48 63 154.378975432571
55 71 96.22458619159434
20 26 159.24433638115062
55 34 66.31054902041245
57 85 56.55759562306476
10 39 157.5914991334444
83 20 2.1777255723925806
3 9 224.5399886143407
21 19 208.85187373296685
3 18 45.00144816439979
53 43 38.42455989714255
32 77 19.716180601318246
8 93 194.60165376571678
6 46 272.02078200851616
95 39 265.4837866666018
15 18 181.69944836568322
27 34 108.41637584183803
46 59 180.41360469877085
48 67 21.39858995991528
26 81 459.88180022262605
39 72 82.6643233025284
48 39 417.25270950437994
8 95 758.0385084365842
49 90 0.7639739242401113
22 81 538.4244494626831
73 68 499.06421894317
7 23 58.12211212277275
46 3 353.49732266961905
51 39 23.30522738195279
85 95 900.0693452662277
77 86 153.74056306795876
57 76 101.44623224674685
18 97 832.4554857103243
47 81 649.6036426767427
81 38 724.9354965732205
76 60 668.7653629178691
0 34 396.9925224460918
38 75 100.95903367904538
63 98 419.7741271237441
12 28 233.76992441933407
79 33 15.813209037480883
85 64 224.90704235050197
72 25 701.8308460189052
82 36 61.557594194135135
70 22 70.66146292279582
80 99 69.28056640968617
83 95 15.968358550926936
7 4 174.53912506256188
67 44 434.2479045414949
64 0 134.50389059941332
29 92 29.625411177490363
99 4 320.15258005176224
91 60 356.5654907099497
16 82 134.09218187216106
87 10 214.45446306048916
62 90 21.334405772174726
18 63 2.959031004368653
2 47 63.422129169879604
38 9 5.036053773559457
57 70 30.078059496927906
73 92 24.30796801141607
18 78 49.610425449739495
52 56 191.92270409413575
81 71 43.21253402377902
86 80 283.238059553147
10 53 167.86326761197768
47 39 51.66838331180218
67 21 102.25051535105389
6 57 84.49628418153151
17 58 26.166110636144914
90 32 216.90766082645726
19 0 116.87690624349634
9 75 367.80540591929616
96 60 298.66367311107393
78 62 185.66945537118812
1 99 4.657933864577673
87 66 70.91160015345677
38 48 339.8169387757979
40 0 398.20022938324024
29 26 73.70300051042844
58 78 225.78133547813573
7 53 37.58325453126275
74 66 287.59313976233653
63 26 2.299107479758691
66 71 5.107154806711456
9 20 70.76414829198848
34 67 184.3517570406902
30 36 190.93725608162623
96 44 389.9703168982108
55 43 289.4018570765995
9 95 274.11614390780005
77 74 166.21064861247157
65 69 851.8186638076044
51 22 379.2448252463392
76 46 85.50916642250618
34 15 0.5374579696427925
49 58 62.21121265328784
18 6 1019.5034777790293
24 48 30.48427518058061
70 10 46.135215568087204
89 99 47.93275609386993
73 33 97.6077819777742
1 19 207.69639661314687
80 95 28.33435283946243
35 14 910.1979124386661
82 15 95.23796391844587
96 45 13.774218382394041
64 53 867.9838076032796
40 32 552.8643967022305
72 57 17.01449496126218
89 62 20.919370238247605
23 34 90.50307625767455
21 71 142.18943092589396
76 43 623.0640729096054
51 72 96.58013974839857
78 82 419.60356387987946
10 83 46.1481655348275
85 59 66.03514110020197
88 8 12.876580094075127
57 2 44.10631870724425
7 86 131.29757241103465
49 79 916.5455893982488
52 90 26.580485817855
94 21 125.08822211819913
92 14 404.6445341831909
33 19 47.64512747331352
14 19 79.88751132281554
78 1 66.96061844538525
69 19 551.6344275349393
92 10 66.47357330420351
51 32 98.58280930339906
67 9 248.5410458741538
68 92 119.7112688699577
32 27 196.84284356950732
95 44 58.48113096704469
6 43 529.012055718539
93 2 28.73754615684086
43 46 252.1999611531451
9 51 44.49590117229298
40 48 27.96312289602907
67 91 213.32615620840332
80 25 278.15363903525616
72 59 120.15083258437154
64 67 15.435398489267618
11 65 749.886879703709
91 36 57.98230314477385
4 48 813.2214511720754
82 35 95.21065112427497
79 40 273.09819951508837
60 12 231.86643409712153
56 71 5.430248040941169
52 81 114.26838964376384
78 76 1.7821691357094476
94 53 217.5248166089879
4 56 148.41682830718958
29 64 410.0246451881296
66 37 300.5513272749683
97 33 67.59217514487167
5 6 88.78858169321808
16 31 268.5226188102773
61 89 33.48513213879628
18 79 24.88013516578369
29 5 209.80213029615612
75 33 63.54347517029141
77 78 222.62637022870203
30 97 127.62359964466195
85 79 32.935869336356745
79 48 17.9470778992396
24 44 1489.9092271539193
31 19 571.2025507795482
72 68 34.66282763594424
59 67 134.0465637017431
65 5 286.81640802748893
62 87 15.574377724453647
34 75 161.07317477686354
90 86 89.57081657726059
13 69 119.7261941397876
76 89 92.281296994104
93 53 112.57124060526567
74 84 174.42088100974487
68 44 58.953805711235596
87 37 255.02235427041936
37 98 13.013047585786461
21 62 120.13077319151466
35 3 1.7730919408111188
21 9 288.42256016786877
48 2 203.02311786427074
58 12 483.17914194956006
98 91 128.92322085686652
74 61 16.74080223959672
24 94 150.43572477833692
67 15 206.93065100849086
25 50 84.86201451590723
60 48 346.5218016884859
80 39 12.16855824180843
39 25 155.38881478417926
41 6 270.1289391614083
41 50 147.08729381765048
84 57 68.40329357340234
51 15 624.7354765400706
55 9 327.78046630587255
48 32 16.47180591782203
88 0 31.555835218849126
92 64 166.74082930448924
37 32 75.02685660676515
18 32 138.4063841874526
63 81 151.31728169102868
90 33 117.50405095328142
46 13 114.65673743370613
23 37 206.40574303679435
39 77 61.41229300522214
29 61 1.5910055178595381
7 0 209.79979959896994
53 87 383.61418886904073
46 51 214.3570993821296
65 60 255.24413785021983
58 76 9.207682052862815
75 23 26.779641011000198
26 7 175.4795171323727
68 62 47.82474081200683
9 81 214.05448466673542
72 14 319.2420363125168
45 60 96.15027572985375
63 73 561.6189346747001
42 88 183.29575239068024
25 12 51.40626252998952
15 76 693.4918261645754
80 40 64.2176326975374
21 51 709.5032188546448
34 16 328.1073676247242
31 68 936.2673331584677
20 49 100.68551543063116
50 45 51.78939231517733
13 65 45.11352693209613
83 3 20.262834824841278
33 66 8.81247165331741
67 61 76.48776976899022
96 87 173.44632650085725
75 47 73.40812355276385
68 55 284.5235628738873
68 5 204.03579597959882
26 4 60.305880645037405
40 6 13.232788638466975
90 78 370.20666497439663
25 89 10.552713613843126
37 24 137.02210577973662
7 47 8.771066124204054
77 85 391.6981504258719
64 74 6.382412774516859
98 95 21.118714272860224
10 94 71.53570345675405
48 47 38.60505822083818
8 26 368.5546420865735
65 48 21.577171092419356
28 93 159.95654374785988
5 90 68.66138987320713
4 70 67.49837842930765
90 75 194.4071795486679
91 14 667.0243338568735
0 2 54.67014998855555
5 55 431.3005713110513
89 86 542.8078435668448
10 22 0.3443400100930548
22 53 175.6563306839901
75 40 16.578516051711937
68 6 22.86185026508583
16 66 318.301528141403
61 99 236.7763060316865
70 30 161.1442054490223
24 8 430.7382271840516
47 55 0.33605378518337126
37 67 30.355465477066428
97 23 67.75258619856106
66 6 468.4389350788439
2 60 445.75682626640827
52 20 294.0954661263455
50 44 74.25960345562495
11 48 404.8134297455609
1 20 134.84121368500556
19 59 392.7869750174745
88 38 36.56176742938019
70 78 333.7151572210376
80 20 207.50199246105439
34 60 558.5785983113414
82 56 16.314202419020862
45 88 8.763220770577153
57 69 204.49536925052828
82 69 668.7517060577312
91 90 116.61208899642664
15 40 251.1783661007543
61 91 24.845542353370767
34 76 61.254900892846685
14 24 338.0845445410943
3 28 207.3097195732742
33 10 32.51243487361298
23 12 0.8093247665667035
35 29 200.08712491441779
17 13 156.131553234566
7 58 105.54997041805933
55 65 40.84390474092781
68 80 18.013395406410652
79 64 21.033502905732227
30 87 199.01346670209148
87 45 105.79869795840602
55 90 402.15576013123507
55 4 172.7588855912507
94 46 421.06280969638357
93 81 30.834899856739472
36 52 23.516507747375883
12 67 8.61636919240555
99 46 45.470551566596036
73 34 111.74642723595399
99 97 359.74410823325826
87 75 61.437434114402315
14 80 127.11389882032704
49 8 98.23836665119434
42 48 208.7654772276352
13 88 318.4133245371724
22 55 163.05210638400936
9 30 53.28494130016428
46 7 44.24355996143104
1 65 603.5553523405798
1 34 388.4304623527708
44 11 57.17744721690394
58 66 33.564703906894245
62 31 97.89909738958126
52 75 76.27130741487814
59 60 334.38460128644414
1 2 129.9197829303217
5 24 68.18446653488041
63 87 96.29461415547352
76 20 127.43482961352082
63 31 62.27774185121735
95 53 77.93468900217567
51 75 94.91752725263063
26 11 265.5265290968944
15 91 121.38417401930361
31 56 161.429674098271
13 93 365.9159530035675
37 26 34.3801887212446
71 16 267.1172355028204
68 9 79.17583827903059
65 30 131.34108826768966
57 54 137.74058642664718
35 37 63.4041062775879
73 47 21.552166400458837
64 49 91.28501400897203
44 31 370.6148821006173
75 11 863.5367720046199
2 94 55.35318046727096
17 59 231.06432550607806
38 13 250.06828077350085
89 66 172.9602193817722
19 3 24.716310774044338
10 8 22.721228519670245
7 36 678.0191598775308
65 62 290.5307273453832
57 21 3.9225165333308047
56 53 15.237075870200146
79 25 264.51883686792763
0 89 325.37874095190915
17 0 35.571947180775226
48 70 355.44344815851366
79 86 247.08348677018074
60 20 283.0773405175209
13 34 317.9148689615152
67 85 227.3974667979686
50 31 116.52558102935204
79 15 351.481284429301
67 39 146.543029568454
27 19 266.935335823158
89 15 663.270803781113
59 10 65.48978101111877
14 77 80.29791317361868
17 97 312.2979026545279
81 29 59.469812666203204
51 42 102.66258291172701
41 68 132.0389830681956
0 59 124.61410035087516
82 40 127.32797658925361
23 60 511.0106654616299
95 3 543.719350333394
4 37 49.33989803506172
66 82 99.49652651908202
27 8 268.65644940183955
48 45 133.77286160655143
2 44 38.53290270530367
84 52 161.16441974529238
1 45 443.7932767194152
42 96 141.09605193806934
58 79 508.3090305341053
28 55 155.50032892034008
54 67 176.8940605981463
83 21 11.392852947559723
15 9 188.86474692305657
43 84 87.0684925289379
61 49 226.3146778966411
79 54 272.98349751540866
54 73 114.08498002705365
8 3 325.4473087270048
84 0 38.918146629511
8 94 572.3071459705318
84 60 152.5842031762059
46 83 241.02080361646568
9 39 643.4376605320907
15 13 403.52767731461256
24 39 28.060234721525358
69 76 322.30695990752974
59 35 32.879753513243934
36 93 203.6663360516909
78 42 13.934864619417045
9 45 320.0578481762769
85 82 104.89318965389711
20 71 77.93895274471211
17 40 47.189180439259864
15 96 70.77183501683581
52 57 48.34659541906568
81 25 725.0760327636168
44 43 90.71877076149852
92 13 9.210031454314148
6 52 262.09911522804197
72 91 23.475095660216176
88 1 144.6599441312676
11 9 44.87393105174987
76 82 0.7553602650984399
64 14 81.85560784649714
0 10 114.61015980742282
89 98 284.4970024174446
8 12 115.58630063842732
88 2 5.578232612081142
27 72 191.86408476325866
67 38 441.11616422143624
21 93 65.96419933421068
45 61 841.3803077851309
75 8 96.29476417430037
32 70 364.7899820812637
2 54 267.6048577728623
41 74 67.22016411946669
83 27 237.19794472561736
65 45 53.189559895827884
48 31 69.62388500348767
56 63 90.64969051026533
88 53 262.7010331252048
35 81 197.06626277512586
67 95 48.93397490048043
39 30 137.23696049852944
39 44 53.84759040029407
28 47 308.16735216813544
79 89 259.1592566100082
0 38 271.74610923863384
49 4 98.65131511618569
28 25 163.89630336444233
95 56 17.591382877996413
11 7 24.215776185990478
3.595232911455144 1.707552351575742 27.223589951984536 9.14766335158847 2.35572696346464 6.052390885733931 2.5659459280087002 0.18013115350352812 5.522604679223337 1.2474361839314265 6.38565017460484 0.5615750571074443 11.16561037066292 6.955235998051318 2.559818316564229 9.32960862036969 2.6336244759727374 7.598150867459798 1.8018712550565728 19.100949146669414 18.332134881278776 6.301485380796913 39.13533338424422 8.73654488160724 11.864217000904453 4.8600144494233035 4.956388033967937 6.3214168126657775 2.982877906569052 0.488125263647422 0.4642742658550608 0.8357852333649002 17.404541731988033 13.456202699447902 30.865201308006284 66.0939185111767 1.01271419747531 6.367159330011225 8.841719809713238 2.122979633282591 5.41575295162057 9.014972059742044 17.73086411410038 0.18807278236276032 17.406488633387344 4.446960598734165 11.384976765792006 14.904168256669026 10.005099868196597 3.1274077134898306 15.655090130007315 7.750464527239903 71.9997540136821 3.1010282578782085 20.792622341007206 4.205455728095765 10.373442493924124 16.787970565059634 4.6011654967268205 2.3993815760670096 16.238518667854173 14.392551686777397 19.422963374820398 8.463146140591899 5.462369090099943 10.904777464241855 4.294494972033734 12.56701600662838 12.741056633707604 10.672268243377388 14.306974667537862 12.497676729742771 3.9967664511377654 7.439800495964973 13.774191296959252 33.2006949252167 6.7181435008907355 12.695231723829309 6.618145829631381 41.72974264120259 1.6171124263375771 2.3943741913126604 34.51676095884875 9.182441673591166 2.370474771878703 0.20890998461595583 0.5439975944804761 11.48400480387377 11.988772085105712 28.24728169977011 8.929482930496583 22.97372446839781 3.0098855343557833 12.650775404896475 21.265042836861095 9.391118115515317 1.2298729112297926 3.126956057342718 44.77318903730023 0.16687881144086095
4
10
0 0 0
0 1 181.46456500284938
0 2 221.10247246794893
0 3 38.76616050579094
1 1 0
1 2 68.50238838579911
1 3 37.50923439443755
2 2 0
2 3 23.944381949866177
3 3 0
500 100 500 800
