100
217
56 42 477.6738046631891
66 37 776.273837617515
92 22 30.02353971402408
6 14 158.456075964288
76 91 493.73380610056915
16 42 608.1568239885286
45 58 196.08545357362976
1 47 101.50296115200416
49 10 32.23271053966032
83 19 720.4919954067374
85 84 794.5073192716447
47 72 202.55479494407487
65 81 65.89833379599649
23 49 96.48857627404304
14 38 19.14054216301984
51 22 69.1414990141968
79 64 638.9613626857704
98 25 286.32370994862384
45 78 481.9160434712278
47 79 31.888708801600814
29 7 6.6370205231103165
41 95 412.2115721732104
83 18 74.1616089112992
23 90 158.4311115276258
35 53 677.9989909908941
98 79 98.67541889476911
98 70 290.4943287623858
89 4 172.2151416773367
41 4 338.4718630125867
84 60 188.4502844052782
82 18 189.8996047312895
16 6 83.58275242165955
61 75 784.5066314128536
78 91 130.67659618563033
92 34 16.853780983927223
10 99 212.5424391893524
74 34 345.69820238494884
88 29 12.358398075429728
56 35 84.7585324788956
26 81 82.09964296787524
31 28 36.2507742264814
35 74 56.29776303794427
76 95 94.46663019184966
33 66 120.11744299553821
62 5 186.07939921512332
85 0 526.1013204811654
61 85 116.9859499839332
1 67 58.46500300549571
34 81 161.67090276324436
85 81 3.607893473777668
62 52 280.31988607491724
50 52 81.20169265012109
16 70 553.6336081521121
4 70 243.6387992473351
70 63 383.0932123487093
89 81 116.8013177653599
34 79 134.7363515254202
47 42 21.506163235325516
90 6 12.10015779600236
87 70 272.8060558553524
50 63 227.8713066849789
93 27 713.9553824530259
60 17 121.2910005897573
70 49 345.91020721194343
62 63 88.9150986399479
28 13 148.83103577443387
51 14 215.78306171289495
66 12 174.04762999768013
14 30 101.39046605362189
63 35 110.95991407965377
19 6 445.68332622819975
40 62 77.58829642951423
55 53 239.3993138615599
92 68 1186.6329523787633
52 46 196.0499163566042
22 87 219.9704174388187
23 62 38.77159699525835
9 6 69.20716465541618
86 93 128.98091853044997
86 83 234.92034306235658
44 36 152.6296822097244
17 99 32.937908861722605
10 18 349.23537391175364
67 4 169.0967364534393
12 54 72.85106471227361
40 19 601.1803409824204
93 83 127.02632740265094
66 55 118.95481703910393
45 48 613.9949148808619
12 24 272.5761022975891
73 94 1302.5048704673745
22 4 60.837392545701974
0 57 151.7385675124177
40 88 70.64662310563973
49 71 27.947126462963123
59 14 79.44972655116037
70 57 619.2937098496612
34 53 144.50772362846416
2 82 219.84740685126368
52 45 65.90793294442972
73 57 235.3216289102409
35 21 113.40518416883678
95 90 91.40841588113652
61 73 57.421184326208895
22 90 6.431083908825813
68 30 533.7400028281969
20 73 5.286121128493781
14 32 74.55295739024089
74 50 283.61627132702824
48 57 13.845678317100782
89 23 412.0819565604192
65 58 559.3139662211862
56 43 60.09598137283281
71 50 114.33225740103427
32 54 71.68605696602512
7 58 310.01479494541815
30 4 66.47429890544507
12 61 353.0861438369708
58 94 64.64607841402326
76 51 131.77676864274275
69 70 7.898033659467874
46 70 141.72187108716167
11 66 89.6210021739205
48 61 218.91956161917165
59 17 28.445261548450603
58 8 74.14803050054076
51 19 12.01620828787516
82 46 61.50069871385714
89 43 11.281326020830374
42 72 109.33298674294399
56 79 14.322888537607948
54 45 51.53422361132527
36 78 69.75486850751376
81 25 21.091585854499304
19 58 263.7792005767801
94 10 0.6985498448195407
19 79 38.43734858909069
54 76 56.28135074014785
8 65 52.488590809419534
29 43 737.9163479994209
68 75 569.6048175866617
12 19 107.96785451883922
94 56 21.116083609403262
22 32 90.59926119285042
67 64 20.428429747735283
95 62 226.06779600820124
21 37 75.74016013238545
90 93 245.52728437361318
64 28 212.32957994563168
25 60 40.19745850219085
58 27 65.72326888772486
52 70 347.49356537752874
4 51 11.570587873359758
79 3 34.583182660986274
68 9 8.217295208106364
2 24 56.55455662191673
71 36 281.61592479570714
79 69 431.4047152315685
92 40 28.186464246547448
18 13 264.6237288366252
94 75 201.14885659345143
99 26 83.37556962306896
99 33 328.2978985048547
97 89 25.685413576772063
82 35 98.56775496075184
87 10 386.75732097426175
59 69 478.71818149392436
33 49 4.550968580700225
53 56 35.26840916756658
59 76 273.25601524352834
97 94 62.16933038008692
71 77 113.61921312970125
75 9 153.86223607705492
27 84 323.9386695714109
61 77 701.0096434336976
12 30 17.61747145032861
82 59 20.001415327204576
42 11 58.93453948612392
29 16 29.949758279607288
48 39 132.65003299107585
40 69 530.9429107738414
47 8 142.98913244590793
78 27 174.45890318418657
30 89 427.3029172235424
33 12 323.0209362258347
59 68 166.45403363459
2 1 9.169459854865734
18 58 441.75901624059213
73 34 11.665503902092498
40 54 179.67463925669196
99 45 43.955174433462034
11 43 857.8188752596578
61 66 137.8003877054758
63 98 49.379081387199115
96 5 63.38544116100447
68 4 37.52463031054512
91 36 191.2556857176008
2 40 17.79162286353534
80 75 535.8341100307515
88 55 57.75672789320405
11 30 165.32760601439472
56 88 87.00195783517867
73 76 13.307779098946387
68 66 373.31401914002504
25 58 393.3637400525455
7 42 236.96506149488368
36 88 140.19516360696974
87 71 415.5405120171527
40 70 59.333395114033415
1 93 165.82178318015877
11 85 93.03061369821064
85 22 211.83797381713467
87 18 258.21067639195104
87 42 284.7803110529787
13 85 108.0034851536792
11 27 243.74415977037702
79 51 187.63323001180598
11.047632817995387 8.463362868157407 7.7788818484545565 17.560720104280335 3.03037146497519 4.055572230074714 4.72838452852958 4.670298996812963 12.496568767091134 8.452176589342113 4.1028907185252965 17.460703862748083 6.293932167943103 20.511185393861577 2.880081318999564 5.09398961419572 4.060625840200917 2.3522549685529857 1.7975425279389876 14.162828864429844 19.793224594311983 0.35035876217097756 9.908257749091076 2.479758986910718 21.385250935713678 15.073992268936545 1.211860471354802 0.44124760581376316 13.63677342368067 2.417583486845571 13.272385218388798 9.490566480813303 1.6609999292774962 25.061039200890445 4.769395612078318 9.573971336743602 13.905852826567358 7.08120149910131 10.409950623636897 9.65672194616603 11.207727216632499 4.2242293747136 9.388232731685914 22.6160800540479 2.6136781487623297 45.528531014258824 4.930280641077449 21.254036133241108 9.795509068853605 21.84626853940135 20.51744319772995 2.8343184131512444 3.0344311888416646 8.508140061821228 6.954555532669975 3.776612706616413 9.476073354029385 0.5306672152406218 1.6570545392457028 3.6934994107859787 27.418628806267492 0.06274887044028744 4.770280717848105 21.62831667216611 3.388761705197579 0.4135914502319166 0.544226152741945 4.088890822874914 2.6758751034528396 4.273769976281615 5.720850757487427 39.62986883157852 7.444667996218113 29.371555028320625 1.092428032483314 5.603144312771936 10.13648455392641 42.672152821536564 19.887351450279613 10.93688537673599 10.708627336874505 8.196285718786685 20.29607413027785 3.6327371842657796 3.361854679982871 0.3085810707787325 8.07920564842846 16.252154218835734 41.84110277724109 39.75000896312239 13.962548344864803 37.60008177311476 4.080595486025056 10.429698986989477 6.216803458311525 18.21284966853613 7.929899312929295 0.14281973821022426 1.9587522106279454 6.889973147421435
6
21
0 0 0
0 1 183.1593706400472
0 2 48.37704072862886
0 3 107.31524431289279
0 4 188.26319623369304
0 5 52.38321427097592
1 1 0
1 2 69.47093953802691
1 3 192.688377709297
1 4 257.7322203297323
1 5 321.53226712969933
2 2 0
2 3 0.3769822749954
2 4 314.5417707517734
2 5 114.32398653346492
3 3 0
3 4 11.300894253772634
3 5 302.35944821322056
4 4 0
4 5 31.762866329243653
5 5 0
200 300 500 300 100 800
