200
1247
22 31 401.8339033889482
4 37 146.10578388125876
189 71 7.15468336201277
164 60 123.37179595829555
88 181 3.8416041905016898
90 88 109.15993546146794
194 137 78.38553459559485
131 186 29.321443436090295
13 18 3.7963570310153143
193 80 35.844475190595546
37 18 120.43876880355779
126 42 235.11227266975152
80 72 335.25752212442785
5 164 103.88423577471322
174 7 189.34573364456776
148 130 303.6910923220179
169 117 118.69893059018351
20 101 9.714263802712894
1 120 104.71904631657836
0 59 66.53094652087943
163 191 517.4046806984953
83 17 449.12504897288574
87 163 369.2856204757167
93 37 208.57214180352184
117 198 21.181071366470533
191 30 8.488477937519388
57 34 484.4757145849032
193 52 111.32098371446644
38 32 64.75812410194887
77 170 287.5836669473641
156 142 93.23623636368177
88 138 78.68387162349462
126 184 489.25662948003105
135 116 43.51194132704144
128 25 71.46481148991646
158 74 339.1177253889548
6 96 597.9399623984436
111 1 276.6242105184915
45 188 389.7479981053255
58 74 189.24014230207368
192 85 161.8851873373037
163 195 288.67136294032474
21 187 77.54987690690504
96 78 6.356008664742253
3 10 283.39745883189494
9 143 196.86780794745732
181 109 310.5137508201998
135 110 199.70941072054998
125 159 70.57242870912106
190 83 51.84096663271207
101 169 31.171312328590673
199 150 63.56756097559262
89 179 51.86672533204153
22 160 95.26628330794415
41 90 369.2682670911119
175 101 36.63258870096622
14 183 62.370040021564364
76 40 152.72799286020492
0 62 277.9816061895624
170 71 89.52332160594048
87 77 196.7563735684181
167 144 946.3836029090907
48 24 388.83978672719576
64 51 134.84188870325985
72 60 17.509388841555065
113 82 143.8157143920567
168 130 435.96551566499403
177 181 215.49340452823324
101 146 98.13826797085116
3 158 41.480675538500854
167 181 1122.70886890494
94 125 258.1157227400045
128 53 196.2901484624963
24 193 48.778887684988234
61 135 147.07865044252983
102 122 78.84277929272166
104 91 22.90377990200462
151 76 51.03413446313573
163 84 110.53414223489855
187 40 151.3368152354153
74 156 119.58249890364239
87 104 200.15549497082154
56 40 138.141291832892
135 127 12.044202615786599
40 29 593.2358143251703
96 47 178.3718605379227
105 89 45.95701065677553
16 71 397.41870264852406
7 179 249.7123969783218
196 199 443.24253478236164
150 31 207.45178456402172
139 150 128.68207630054184
16 180 235.5153543118723
24 162 18.59141371127402
165 63 179.2802769860555
113 91 369.71697066382336
153 133 647.2983415721754
93 53 148.7808377239702
160 26 210.94557251611957
122 162 31.748871622350645
81 64 2.236285943872809
91 125 104.72586651493894
126 79 259.7217794856687
9 137 70.4268303879392
162 11 291.5676537804226
4 85 101.19336544699154
73 183 102.09086685656597
154 48 108.6985094285599
190 164 10.9148408806702
131 11 72.17272796650656
178 112 84.12840626273228
174 108 574.4011685763161
104 36 73.78386594161977
78 80 1394.121225647804
173 86 171.50464422799533
159 49 107.0909161532722
190 123 625.9989688955533
60 20 156.41471195680052
109 20 528.3379470736264
181 162 46.64323032934468
94 131 42.738611189711435
90 98 43.897208051398735
58 170 271.46994615816084
172 40 75.27113216989446
18 84 182.75042354017287
161 52 191.49364764816357
170 6 147.00099211971997
88 159 89.24552123590011
46 108 638.6578379330565
20 96 8.540692372702372
16 73 26.81741722047959
9 82 219.73670714010981
64 92 224.84493090904078
94 96 54.322263032835224
72 177 40.36699942793477
170 13 552.1037539308171
182 143 90.65877905211987
147 30 271.3485730731905
189 42 352.19982614066794
148 160 309.92218899693876
46 137 266.4648562345407
65 68 165.67080089496463
126 95 21.536000261835476
159 34 75.50351014885133
142 80 149.14089862793423
139 99 206.29286490088737
38 94 277.86910125758857
174 41 28.158444134669512
122 37 314.11232288417546
189 165 296.1176304085735
78 107 10.135196127074598
129 56 100.0150698686702
167 3 98.0091966648269
186 132 18.419401505377525
168 89 477.753149004892
86 42 315.90503166983746
119 141 561.7063670429162
142 31 175.3809558331596
173 161 237.43199706131247
31 112 73.47095118723794
98 168 60.269454010585
41 151 15.714720605879199
150 97 490.41773366154473
77 23 143.46510567312765
18 169 226.7906793630528
167 87 457.6455375937539
156 93 25.7473890358061
138 169 212.7795143243346
7 156 115.29381853653766
89 134 50.48928059005432
93 152 49.08442874348953
122 151 58.54671208012603
184 110 595.681546977345
30 180 57.43601184878747
81 106 171.17421323075385
82 75 506.83371886052004
68 150 93.14034072058551
137 180 254.29966020339592
39 32 60.00117770687502
10 80 66.61638689954734
95 165 275.56964658542944
123 74 26.349160294212133
128 180 0.29479724968617205
58 111 82.83348792276664
142 68 193.907849388968
40 116 252.38479550649055
116 170 118.09452104236856
112 70 78.3432567739596
161 5 471.87646075239326
161 147 687.1777323746282
80 65 199.03286333413925
192 160 45.62952592117714
195 130 158.8644289582017
145 42 85.41599490616828
25 39 191.35091203780553
23 184 45.53642838572291
83 67 97.96978983914258
167 115 121.25313614819117
183 111 219.4383157577738
143 187 95.24049271814047
107 112 137.77447259886816
158 150 74.60830204251508
93 11 100.75521689200609
52 184 22.315510034278745
25 34 46.1930031877982
107 50 75.05811084756338
115 72 388.47157437045485
51 153 143.31743275285567
108 159 479.99034865670734
140 16 255.550984015985
180 150 190.7585477770489
14 160 74.24205774169863
166 112 321.405821988643
164 7 320.7186541704634
104 56 130.0109841716251
189 154 46.416852161548164
88 99 184.40568988740537
127 10 210.97656644159457
153 20 229.92450243393523
197 27 10.295337759673457
8 185 125.02559384831962
102 34 192.9332166739937
17 35 4.606495814845165
134 199 35.44257350161652
115 51 45.25611017877701
84 132 194.56696650435396
80 52 509.4532005254411
27 95 85.22760437365545
159 20 26.58336386152525
25 151 670.4566073652857
75 115 98.73246711462049
196 122 50.487664917152905
114 150 248.6900439679349
69 107 500.02739105016883
3 179 20.488989968331172
86 21 185.6645684605186
184 50 64.11493138317549
133 69 107.404908597135
199 55 54.510985952982395
115 181 124.5038004460987
56 61 179.71246570205716
98 43 27.22598311118254
135 62 21.5500024883664
51 86 424.9949021099952
20 190 18.313813415250085
174 89 94.68728578087544
105 63 97.40468325453678
80 37 258.6297015303067
118 104 24.27710018269293
198 172 513.1991959720413
138 22 445.70058268364045
133 184 333.88675828069773
22 124 256.26884999243043
73 81 362.57393504534747
144 190 57.071763849806935
134 7 469.27760090080096
110 159 166.8468283089409
160 69 114.49128395460697
9 146 63.816829071102376
43 166 550.5231221938911
70 133 330.95206973218717
164 81 49.495865427611506
133 116 227.45931681624927
152 33 156.4126036797902
127 11 153.4665553302619
137 140 5.941365632430611
28 153 357.9717452665554
42 179 169.89288638141
104 42 97.0534468416026
38 68 50.71113233694603
180 69 106.60258161474123
43 87 162.85779062012415
10 103 393.48117994439303
79 197 131.11108267972716
29 60 524.3031189838509
84 104 49.28602902006289
1 196 10.795001168863601
149 127 731.8452517614833
166 147 46.13899683727261
157 6 868.0885734409866
15 111 66.03301232182342
126 61 14.302899047432852
28 113 41.23373329320824
130 118 36.52135393375238
93 133 148.75413006967946
23 30 88.14564596999716
32 51 145.34945965991503
87 71 357.7147008650586
104 124 86.27290554786818
108 161 345.0429306818495
67 134 292.42614450213813
157 191 296.1596063102571
35 31 121.94386207107202
168 162 39.424942827544584
63 88 78.54623131631084
130 108 323.5535760579707
104 54 396.2834461691513
184 167 534.8697807085351
196 64 80.43548334102839
37 29 167.08650352609848
31 92 54.16804045196556
192 136 150.7902167228019
6 162 115.06011139897103
87 108 149.06305720723813
38 144 382.2531221715486
58 139 17.73275565044546
162 140 117.9169979030893
108 1 34.106799675845565
21 56 30.97696811478351
153 102 123.27932014040408
129 113 94.46231006196611
173 58 167.9026398081225
194 101 583.7462792591405
102 115 50.78365056722879
10 195 507.0802495512102
110 49 188.40210775537045
124 106 3.349064535437443
145 16 420.3356734150922
148 8 240.0905306682239
16 85 68.16754275198853
133 38 180.11594197779627
138 126 745.5466781887066
90 12 62.61387435655741
18 8 277.5614129005016
72 41 93.98064222637946
31 154 63.08627671217987
24 60 85.10647190513866
12 85 94.6686952665069
83 27 128.4671279625443
98 65 290.7237496889768
161 126 64.41349086937993
137 49 169.16682494883185
198 86 193.54502701716112
39 53 208.73433682565792
77 67 92.74236132368354
116 60 196.7483943817345
34 164 22.213008491473126
14 88 92.32558819433345
172 106 103.5532654391297
86 175 239.95655575459426
28 135 275.45830986435556
27 64 346.83209718342414
93 159 28.81771462681234
40 20 60.57635142501727
95 44 118.27115395786201
60 86 100.96162875956307
147 5 140.64145145244424
151 163 185.45041724078325
142 63 257.2363714656814
43 179 506.2268381124868
189 39 354.247948364182
41 181 441.73043530557504
95 46 5.1573846299562085
197 195 711.9995721818104
20 115 10.04759484772465
119 6 1071.652014706312
45 27 113.840410129402
61 38 259.57476098922206
9 195 519.9142514086761
149 20 440.21818947803683
116 28 418.9962570438347
49 190 189.5252633759072
158 10 398.10823148302904
186 136 177.53009558106058
23 85 409.6482355542239
53 75 66.0798883402291
113 190 410.75032225685663
148 0 318.2345279135606
31 124 79.41700712894301
46 30 11.131030219794297
129 127 18.602569061994117
137 171 44.624265542736104
15 144 664.3346261545182
147 199 339.44532942505055
32 189 38.346778707506296
42 45 4.325541135843176
30 160 106.72553782294226
180 94 151.73776729691497
143 145 356.346640619408
102 194 374.44429236369245
185 90 48.39608115954957
150 78 569.6507387132373
149 146 229.7822143166711
14 76 585.4173848872739
117 59 124.02073664873046
98 81 292.5481333903194
12 134 264.7087895033273
185 187 69.78581751142721
117 179 10.514028135580656
85 114 234.02132691644417
189 96 231.57862569127406
133 170 51.535650820303815
57 73 27.504597102285654
178 12 226.19270000578683
182 28 113.49068372206455
161 124 59.730367473754406
25 69 160.61726666488903
104 88 331.20939152405083
164 78 36.13467850729097
90 174 400.35910032537635
46 98 497.86146870670154
23 9 150.3831037948206
169 84 202.17774528381992
54 73 38.358324090418286
194 60 654.7763717718451
154 59 113.87060104078772
66 39 73.50896713542278
134 33 90.76211282368635
101 14 744.3441553070032
101 178 18.12105502659092
41 191 65.05967677198134
70 73 60.04328534682145
148 13 32.67294696516005
29 182 0.6292207408984041
52 146 24.684290975126157
190 149 9.454197670465776
133 7 239.56393855709348
93 195 709.7386849216437
5 188 875.7622789652711
18 70 65.10110035785928
60 47 523.2755330104769
104 152 12.784449290328501
115 151 258.7007494894981
20 140 77.75133836342802
196 113 107.82829447099635
140 194 56.49330685834947
17 161 364.2635350429986
180 162 50.74415000781695
199 142 410.27276348472685
82 27 79.15294449403555
71 129 289.7293736120187
118 25 144.3890364822072
184 51 51.075019103414476
85 71 905.1489247230646
185 165 20.497770284919508
29 35 190.90251760224814
181 140 363.9122385826896
172 184 53.88533356898839
26 91 154.86373722916778
96 160 233.70821494663141
57 188 121.81528556438714
130 182 267.691180224214
108 145 453.92982928113355
52 79 94.85174212198358
183 113 704.5716925262409
163 134 116.07341901732913
166 128 34.747627228846426
121 106 62.68539638555697
170 99 103.61410934894487
132 134 63.870946871840616
9 187 248.85069820413844
130 9 408.22513258171836
94 7 7.511686249528887
177 158 71.20262787450575
119 5 209.2525214995325
65 150 131.35346891883194
122 87 95.02002322558909
124 111 62.77674016284686
85 149 85.392179720553
149 32 26.326374091458877
28 162 78.79877157652122
112 175 45.469532026515346
11 118 310.39397136219475
1 184 222.02413152438947
84 198 238.15425489277482
135 173 119.63614281761623
149 78 306.2348391299613
104 138 428.76512729329744
48 76 206.22819544181402
32 16 125.01095217862068
27 108 267.11953527500594
135 22 348.56581377530915
127 42 342.7026958939758
98 6 25.651402775949272
57 180 150.4128839555318
72 118 59.672848187170736
1 102 143.75358712656998
51 78 258.5799580092396
21 60 214.95278263664233
20 103 619.3179790036788
152 178 103.45693888264896
191 1 10.481290024750924
112 172 337.2540863637989
127 67 157.4115807808793
133 122 6.8264849662927505
36 11 178.35577801431148
28 142 193.98259949547236
76 198 110.0066461516817
153 111 149.07043774799826
130 107 713.5899624637602
68 76 112.84063209319709
179 166 128.95092807780105
144 130 199.98849241274027
42 73 530.660777828191
11 167 228.32995713503328
85 24 398.56833526297396
193 152 236.53903976475692
52 16 132.5374126961043
165 92 129.04121464193685
125 175 454.9820500729819
66 76 257.6284947248858
190 21 303.96930684938394
37 25 89.40288315598389
187 146 218.6948865271812
2 103 134.43129319655134
6 122 438.3214984848645
187 195 147.12827495880893
71 79 659.3704081672598
76 192 139.07924532717897
70 5 148.32469445233812
181 0 436.15983821709455
13 91 233.1036149235088
119 65 18.97892545825248
44 29 50.01644458844924
163 186 318.4253923191657
29 132 929.5351122921115
33 140 74.31180291373805
120 139 91.73019199829619
67 107 140.85961104638042
131 136 381.8241305740641
18 33 55.38012712842839
16 124 30.119185658856296
127 84 77.27199909275389
146 90 92.11802079388148
32 34 674.8380246958386
73 32 295.7293005623591
166 148 492.22561861317865
13 89 31.532505790327548
127 122 152.5738501072778
171 175 272.3191877080809
59 193 396.7620439524354
50 71 47.5212509584825
125 28 327.3515497831936
122 74 530.203373592902
52 186 176.91998926276366
82 97 128.0696926751216
114 94 323.06365539937076
189 74 213.2860285496061
170 14 109.72845654645367
46 118 44.10629247920338
79 123 10.17007686180322
83 110 63.85675577918376
165 113 235.43338671645643
127 115 1.4739556582562126
198 41 467.69483866281024
62 177 56.240676570917934
158 58 22.712554387338194
14 157 20.619730605448762
48 171 17.05754587665302
87 50 289.50667779186193
175 141 244.53434299811252
33 96 579.9155168535339
57 24 1.6529994126913785
84 74 247.22667751285724
84 81 1.2848447229770492
173 27 155.32934097113426
44 167 406.0975350552901
158 197 72.54940827279597
58 153 11.882394861548633
24 40 74.32563049785942
141 134 228.93807608518682
182 120 52.82458860109118
186 30 160.55812251979168
37 176 53.10368381672007
110 58 18.793260545907273
81 161 11.669900774700652
73 55 57.69912307360331
186 60 75.06523706299207
94 51 3.7235124206961006
2 108 271.519860740465
127 151 151.8129539329314
190 97 146.80765069310556
149 86 344.59459001554603
128 63 284.32971301870344
63 108 928.0559784116738
21 48 140.28652529268444
132 39 6.509669574795465
54 141 257.09555495842267
67 177 15.778767773026336
21 188 89.97014493694459
124 118 4.652537304594105
35 112 276.5577762673446
77 57 29.74502587637823
51 114 44.98291785786175
144 102 7.913196659649896
149 73 98.96362369762656
126 38 17.078093627545858
33 136 76.65724240350362
69 94 38.436977371034295
40 82 134.62510302111318
31 159 186.90965263267813
57 51 81.08175401815295
95 156 122.44287124048896
197 154 161.5770644550321
35 169 106.45291645090697
60 190 34.657220332466956
184 94 21.68608814912913
164 68 203.29903138043002
139 97 133.71861376635067
158 131 39.933291467716856
164 115 101.47984069575804
87 170 47.826781652766456
168 70 94.83220364847848
32 22 67.71860972706787
24 192 55.00698493522752
190 34 66.21694595579324
119 85 159.52157581244523
197 81 207.72368988658965
73 5 87.57546357851437
97 140 7.762025247664134
147 51 5.715511611650727
107 35 62.99899817118656
198 2 21.78951207233232
39 89 392.28981636110854
84 136 464.043265321743
109 101 37.20382726365429
64 195 94.74257269719048
160 29 131.393602638546
134 46 218.7134107800484
189 5 59.494407186607454
157 72 582.3853619535186
120 82 41.19000115669783
5 44 235.6936465540906
57 81 435.2449298988608
68 194 208.21152025126088
27 38 5.445146856771452
104 127 242.6011642810882
190 79 799.887484003058
132 72 27.834492906140895
189 197 20.780517665971008
63 25 167.76338520419577
187 42 4.632614681279098
65 81 466.28093228949894
56 6 133.32485564522548
188 169 86.97499742218142
64 184 19.0383930827898
94 157 328.53336092861446
164 157 175.07354310382698
116 190 327.077003878963
21 193 170.26224398741346
142 113 140.12158967434704
48 158 253.42485106059968
51 127 539.4107929168613
164 178 487.12397561598584
146 96 76.32689157539579
76 47 54.42983662922637
26 114 75.33755258101921
110 80 3.613002978835288
79 114 35.10122961396725
55 64 259.3087930942505
81 125 792.7735585203786
145 186 154.48014047210523
139 136 71.22610062271472
64 68 134.72024513306826
63 196 18.131270072017706
68 94 931.4319312765628
137 6 58.35862082813432
95 111 527.8228422150487
50 39 19.137083361342018
20 174 45.361729384766456
66 165 215.32077269199758
96 3 189.69690513444567
106 194 173.92810700434066
115 16 173.17704391685248
92 28 397.83890053407646
30 169 112.03306461594606
22 28 47.14785104056926
58 70 653.4991755013402
42 77 38.337332134561144
83 114 397.1408637045923
113 119 213.2759612612937
143 186 373.80644052309816
160 76 95.03744431825343
121 160 202.0597159232806
60 90 293.7848237803625
93 116 33.94268063122607
41 2 154.45677905944984
138 60 141.2304100938197
120 194 40.11320583955245
128 69 257.3461626914371
144 34 482.11029920262195
81 169 70.42553503292483
61 3 47.37819475287304
113 155 62.18434884214877
87 86 195.1918264350639
56 199 101.2100680888062
73 88 220.21188769384645
174 69 202.91603981308862
122 172 451.03793423214694
113 108 355.62186783759637
143 25 208.01471718046446
162 37 50.11080604860878
153 124 609.1383746352382
177 57 11.318230244237927
29 195 432.9728618430099
85 70 255.80867363629682
14 113 35.122871805290444
107 28 184.63646560553522
39 106 344.5183541711723
73 170 707.2653229324709
107 51 48.65291850769265
114 0 159.28554664514846
183 196 262.49510271103065
181 120 45.13718493260433
132 48 284.91954339204193
113 20 0.8518745475967097
144 159 784.6560168613668
6 108 64.1509621385665
197 40 161.86255326204264
73 177 473.37425236779626
198 147 78.06522005722081
186 113 443.57848453775324
58 175 180.93650373287485
66 151 308.3582353581282
94 44 232.11937442180752
169 53 2.497437322404852
79 78 228.5705098394026
17 120 14.584584918950108
56 41 65.0856020598138
9 109 130.5518026999394
41 149 531.9692697211934
93 22 131.3512316258458
71 28 126.25395344971999
146 162 939.3400879940426
152 150 85.05405143900879
138 64 241.6706412674791
184 73 263.30109845932736
127 44 31.862535131751535
191 14 173.1601865266609
4 137 398.9034507503106
171 111 785.2670042113823
146 182 53.10554878216773
183 199 49.19487466794878
67 150 127.19478437906785
85 18 107.45507572397828
36 190 396.5067562957475
73 99 4.185847245878284
54 138 581.0426955861632
191 83 45.39235434019845
151 172 19.575124320196064
15 194 26.80947582741919
63 89 184.8861852579959
149 123 20.082787153863542
126 22 515.8320771760923
20 38 269.16395838540666
31 34 74.07448868640432
176 63 84.97294278250837
70 167 1408.2209672138997
52 197 239.9605320117235
153 5 73.79300637894906
90 133 87.88079178852101
66 107 233.13962755861866
189 179 260.5916383919824
55 188 278.8150266565827
98 91 163.34585152973077
169 76 610.1523195717865
181 26 11.479982272737793
126 48 437.23172809660673
14 149 518.6315422061157
145 34 32.10166696820914
88 24 183.5742340781016
67 18 25.94185580453077
80 137 511.56569427852855
119 184 263.5150248224082
10 182 76.42148112713387
121 108 266.47380236495496
51 37 2.2342827851642952
15 188 12.071324541959314
70 35 269.075552888641
119 134 1004.1549746209107
167 96 66.68347064076103
54 39 431.4595064758313
112 87 13.739461226271638
46 5 108.59936953120159
57 112 68.47269074426724
179 173 15.871862390947486
78 140 69.09405374153343
90 15 546.2749201272804
104 89 141.94046037124255
177 95 459.85030749623206
89 147 613.2235235352036
67 108 21.778997875951685
18 125 14.812234211681394
118 40 576.5135743086931
109 145 751.7506470048182
161 84 29.378538497899935
94 194 289.28715575616815
71 148 305.774003759117
181 14 96.34021527750663
48 165 41.61879727825929
145 139 323.8070439427439
196 96 292.0614966476531
41 137 49.215076648022496
178 171 155.56812900254496
194 4 41.31465912160525
74 52 501.06522985148655
34 40 148.62093466894723
124 146 123.50344010533595
7 119 218.31490388387255
96 24 1077.833331268464
158 148 299.2090559998289
93 36 228.1854367104161
125 14 92.06598603695987
20 24 388.88482193312177
37 157 85.42767620070906
35 18 148.99689846580753
165 84 104.2068788878133
74 182 46.30414212787362
72 104 172.23089262820508
190 159 120.84131963046723
93 95 69.09009750209549
129 162 24.767643098347943
185 42 51.686710955238425
135 102 110.9241965958263
125 27 146.9909373356511
147 149 55.04646308874648
0 89 39.430823592106954
197 4 127.15445514534494
182 173 145.66233247217204
72 92 236.18042629008312
158 89 250.21690851827833
166 10 457.01113707614763
158 147 300.68165464458144
62 99 21.704992104076357
146 175 18.4559018390129
73 197 37.69442928117399
8 20 31.96403957162719
181 21 39.79083656593943
90 138 143.08768509372354
11 128 140.02860858260993
129 183 13.017262732371368
154 89 22.126181671687107
26 31 186.6185499144822
86 114 81.88340272378505
47 95 74.13419230104724
145 172 115.54912210709219
130 19 109.48186841142946
24 146 147.01894968487434
136 11 72.83660197463739
182 162 173.5992408031687
100 37 67.93701551837829
125 83 11.970431170346734
6 76 22.458521925600305
188 64 48.13747374067197
173 180 201.79084160357087
103 138 308.6796915800495
147 125 707.0442175191228
6 17 43.27254497979374
174 157 50.458865187311815
158 141 257.05520201624233
101 90 12.687703138241032
80 79 662.6956987591935
9 10 17.675602087419513
12 70 267.5245018547912
84 44 28.8351743784767
34 9 217.82441050995175
109 133 150.5335755451423
13 15 68.38109036194714
95 158 152.9463758536599
68 179 215.99396015957043
134 153 47.41380525787678
78 97 97.4027150002699
82 199 39.58586312521907
71 37 26.63927747595033
198 128 71.53170982943921
175 163 318.2025805532769
61 159 190.0475826959354
2 127 567.4372020928345
178 31 226.51046345708696
64 35 70.38589554905599
2 74 48.46307423617251
47 50 41.61674577449558
145 119 95.57034333915716
41 109 147.31298831142513
84 75 394.75177886382437
26 95 170.56443719398052
50 109 82.86957568864494
189 194 87.31914252872883
60 117 288.44006208953334
43 47 46.607795279550224
172 16 65.34435150444205
15 113 63.69705677908887
63 19 15.737221543481283
195 166 441.99309412371343
30 72 757.7846162627718
163 169 95.9360025785349
81 186 195.98803839807474
50 33 16.178729440509702
12 166 68.75284854552893
188 192 249.1997481106751
7 93 14.232396203155742
82 93 97.64306241965087
7 190 58.05818797663065
12 63 131.14975257584567
35 127 413.73721708232966
79 11 559.3392660405536
174 68 191.98500125298426
52 46 118.71186877260827
21 35 546.4822498834346
49 47 142.06645065654843
58 63 40.035943500404706
32 136 173.07892324587456
24 160 67.54187501953086
164 75 316.9361185380915
133 5 497.56335888217313
91 143 25.97594630450237
26 194 889.9923883040035
161 145 28.41622583011411
103 72 124.77310161584145
199 71 217.51689590392908
66 130 46.87897611238644
74 144 26.727136386631713
194 95 103.5673238055008
59 143 92.63949612003859
1 33 6.8245121173934695
76 147 88.41083636947488
96 110 362.46064526531063
33 57 336.29639352490835
88 9 153.1153710002583
27 133 181.69175447278033
49 92 231.30758356681307
169 131 35.110003446599094
40 8 64.59246112769324
177 56 221.58586021446195
166 13 73.51017824493434
38 177 224.08224285657195
185 50 41.3852024136807
49 98 60.964159841743616
75 170 975.3343111982853
50 76 148.80505235926591
132 136 351.67778660178385
84 152 79.59319430845639
139 42 161.4277868681676
29 115 301.84324658434105
135 113 249.51962521381338
113 71 153.72130688363416
8 168 49.72232461277495
6 188 562.8496752946207
102 197 49.23358010808294
183 147 584.5339990828395
23 193 491.59504691683287
133 82 45.85219753537776
50 102 93.68546834607069
130 22 175.45828971395923
0 73 119.00852031230474
15 157 180.9429583202869
184 159 217.46743792000714
40 190 464.4061514379154
50 153 22.062342627929375
139 55 118.67824325278085
165 151 312.03286868246016
74 100 36.77358453291906
90 173 168.25788008187362
6 135 78.3327269176789
129 78 62.38602520448081
185 78 236.27360892503253
19 50 44.87047849215755
22 42 67.55813437965257
181 127 169.76708175357695
82 104 113.66832550782937
125 122 36.72168936491824
1 88 192.36992224522947
65 100 162.37131542923834
122 58 519.788515047929
194 55 11.953874103914362
100 6 143.58289941582078
98 61 318.3241247849212
119 84 247.66996027269252
138 59 45.061885692228536
88 82 722.1109500811397
155 88 152.55456678702427
108 69 95.16200526471272
123 140 12.968022814359138
77 175 30.723807928167684
138 162 481.67832263353796
55 51 29.956333972394262
36 25 276.8427183038655
39 145 170.84417306691535
192 58 64.37256691698859
62 125 82.38932224605372
128 123 445.5537479598503
145 83 143.26659710970873
199 138 109.50165422775049
63 7 238.7294896373006
106 153 416.9188064164884
31 189 14.543993963538998
85 65 272.28713665559826
33 159 29.44808457679046
115 24 228.27586560144445
107 144 88.37225383272131
127 174 127.6487836530387
80 163 529.6622169795581
99 142 99.50801631909214
181 105 566.2971414016431
56 36 77.96427344960469
102 148 184.27272842298663
174 155 283.7453026108468
165 21 308.47096776301515
173 128 203.31149193358357
107 81 1299.3009340317246
189 64 359.20687560477654
56 24 242.0182766287036
143 42 70.14388960207062
33 108 198.71018533571848
26 63 141.67335014517514
50 123 415.7457075835903
194 153 353.97199098931765
177 128 190.87643466110518
108 12 500.0584975513901
188 84 59.72075322883025
170 104 148.98878411475752
93 62 111.68219687892838
92 121 2.4684989038779657
78 70 194.92892793197174
194 171 48.926752825509865
60 55 199.68014493231675
142 116 272.7756195430622
95 59 32.535622167936815
58 45 148.84172585666514
127 5 76.61757808888807
8 153 96.68377355294197
199 7 2.335266592545825
46 64 236.57022297598886
129 81 355.08203723634057
94 111 18.829304712980417
121 91 1000.725882138965
157 58 237.93192645913877
8 164 108.87381891747279
167 124 59.963956437882814
185 179 220.31482996065623
66 171 41.28512593916223
137 16 18.727707232476178
122 185 52.324676645543335
175 172 151.67830475975111
41 153 2.7734011135830587
86 28 173.74691821440814
39 31 233.83934292210634
164 55 201.3703371266571
69 106 16.246397376203447
152 35 60.90173630081257
89 137 20.572943496019832
197 159 50.814737865948025
115 62 9.161846990346474
126 134 163.54722241941226
92 161 130.26533744677252
138 63 228.93844778555538
163 78 98.22512215557877
154 26 172.68374527095582
54 14 154.18883702283648
112 114 271.68247951646657
186 176 191.16722565270393
123 58 261.855887154076
182 180 282.10951147792
131 9 100.93514965290997
53 12 78.9805930574908
162 125 26.994212485647406
18 53 0.661605362859762
120 98 353.83640506169473
120 24 368.44485254280676
74 174 41.94766592913398
159 46 3.300438755168363
144 172 169.02400019069523
79 99 217.22712168236347
127 171 39.49203270938136
71 48 2.1282541818114336
191 67 301.2353514604421
0 67 238.09558787994666
126 159 208.10144505369
89 94 115.01235565795535
23 148 40.553880385469846
72 1 197.91935065646976
48 72 359.4855429810265
164 109 466.45370864092365
18 108 50.49190035350741
106 107 56.13317869803506
36 186 80.69331805272951
192 106 25.646637461858912
26 54 326.5541751546852
70 186 28.60108905949115
47 131 978.7027552864309
122 155 25.44834043840023
68 91 1.5273720653099867
145 73 169.0540773893446
183 148 9.189470199482829
52 138 139.83409090482635
14 167 16.069659641682094
22 56 135.65434171346317
172 186 59.00581558414583
189 11 259.4651245983111
126 147 97.45451441810626
187 3 16.053533004142555
83 176 53.63285064700173
61 17 77.01916554867148
134 193 105.82308612334937
47 169 112.83624263958585
13 52 70.75035424434346
57 138 366.90674567989834
75 171 131.11848633340736
181 23 283.8590218288147
88 123 9.707583818133953
46 67 2.552852456896761
190 194 47.10159436538323
178 24 693.9413649245715
56 8 123.48446623443505
142 161 734.6714311164154
10 45 398.4405439115071
21 38 69.8203176555449
188 162 164.6038884592073
136 43 188.85953849996787
92 100 338.237192582904
17 25 342.9017209690608
17 85 45.20013778389629
15 192 69.96615705100874
34 48 114.10726524499539
75 66 174.22843937352906
88 197 12.015368648775524
111 176 373.3474570015928
188 190 405.02880403731734
176 124 728.766574940603
69 22 92.90345042303552
109 170 522.8254732802544
93 59 138.8209828684419
131 3 18.209312259282772
95 60 665.4429849202454
65 60 103.60103936901494
106 195 194.65670081760476
86 45 16.283832941635033
141 104 15.068869218532202
0 166 807.5320150725838
181 122 1.5763799924527946
62 148 47.906096742033
192 69 393.6571217971459
33 125 227.74745995041204
85 173 96.95559060299549
62 76 237.21610252981856
175 50 10.350514608398562
197 198 127.74025883715179
24 100 155.40235420521014
153 36 290.9848845812717
196 107 41.0214870880741
181 174 265.04713123773934
83 118 152.96430592075586
21 28 53.34030695975495
50 100 76.75586882902164
168 2 34.31543495511987
182 168 21.63016409989668
175 169 865.4091282613164
160 144 394.6701796787184
156 161 99.77714809196094
128 178 71.37940984559694
47 17 173.54269203877698
168 22 0.5024133853034596
73 72 221.56433519748174
94 113 230.35415850343756
111 77 129.73447428479574
102 156 113.19235624931932
38 112 159.64351050255559
125 52 171.68780995509013
117 46 470.99657476177555
114 153 85.59071257755915
87 6 47.57066273639915
174 53 587.134099501657
148 171 132.45812976413615
67 133 95.72122402668913
172 24 404.2852236566179
44 77 322.98877678813733
179 151 86.81280584431738
136 154 525.6465577296343
144 93 496.2659903817265
183 149 28.883794155069182
103 65 39.949773430238324
105 176 242.0139282178105
198 135 169.69306371371692
54 102 30.839883458318713
191 63 65.24256590533801
161 185 24.840290413230512
42 193 596.6632864136701
58 20 4.368610809900386
90 46 65.47643039887473
60 16 8.639760831547663
61 155 120.27677418029772
137 139 110.63150701990058
22 64 182.6961019725773
183 17 366.0060933032006
17 171 81.03481564761297
191 69 695.3201630076953
79 152 36.817044412652166
85 159 30.546070964011165
50 61 122.76602956817668
151 69 921.0164893536822
30 132 623.2986405032041
31 78 506.9960727086878
175 35 95.18604075740475
21 176 582.3702842746003
95 33 99.4545527103438
17 131 118.35595584299483
68 3 720.970197414678
66 87 91.7128104323436
160 83 240.46505156197546
104 120 84.5852092407206
172 181 33.35253366917835
198 32 487.0293172236595
46 78 226.81265585896062
5 60 219.84205211546399
84 4 183.49937110776565
51 103 286.05792199199567
7 8 54.02173475578541
8 69 439.9609801951658
126 163 325.3586585274764
57 28 39.78084987119209
107 164 149.53430528491955
56 180 230.36675029975783
109 118 353.3738667928702
81 173 36.65300605341793
52 93 159.59785864680046
38 143 15.52607641895854
20 126 455.847369749717
27 182 397.6279910592889
42 196 101.09974876596601
66 195 339.3644340094919
175 144 79.44658871300878
59 96 522.0863120153746
54 49 378.4545355772698
22 165 29.92099803210806
84 177 385.5800811325578
116 199 335.47473520509124
54 174 42.247849040872474
178 107 248.3170597970827
34 146 105.78326809225571
72 33 59.63783734728975
186 50 108.71388132910242
122 64 108.50251463996561
180 75 118.93551335610977
140 85 3.8538833952427813
76 138 17.077700488628576
187 86 99.13935342696756
78 165 37.951502653111646
113 134 31.87982839107238
115 184 298.36165904393044
130 3 672.4753366522259
155 149 32.874165011615055
153 46 201.88145304964772
49 198 289.38211273577747
192 110 218.80654321151027
23 82 62.007381797920694
131 19 416.2937913909572
111 34 239.39185936774896
14.543673855234706 1.7576566025909532 12.234303333970546 44.750046676387676 3.2157590197344543 0.9408668541222123 7.4543202888859526 2.994715392909342 8.261599040175529 28.022671658452886 7.879555753200319 0.851690839071255 10.461780375850394 3.3938293129634323 5.756595465825725 14.373641150900053 21.687180840617664 1.5108749367412224 17.51025760685964 4.6506983935614095 5.6236825323307125 3.0891972950722355 0.7575520137905177 24.46484118355405 6.905693234823223 25.397941513842323 0.47552318087383666 9.89080296413525 0.5628465401460258 2.9460632984546704 15.397698772174211 3.5148063758429986 16.32718131978811 6.262383743481945 39.65801193745418 18.480646534118332 28.89712059394554 10.4187407122458 0.7115795784967074 8.936697927605447 0.0736206422589885 2.758786151346154 5.616301305041049 1.7302066249620507 5.365768271125518 0.4090676890295305 13.647046213848242 2.228049510517351 27.254102725253105 20.500279806289615 28.07129023311507 0.33315800942276774 1.9384515131176105 3.718421330510564 5.187435244687335 9.559870536321839 8.353632569944828 1.3719930153707625 2.726359567696925 3.8933618171915008 18.127395802367595 9.066210839310159 2.308255290094766 9.145020182669663 0.6607792452609069 3.754041422547078 19.522043331203456 14.326012409871478 8.956919610615955 17.428830058894864 21.031812475288998 53.356111254361814 18.330420088988916 0.32803485792867093 1.9279745113236733 0.09098399529405271 0.002613549756106848 1.9852312154505496 7.882874537218565 14.131417530118162 33.330118893413506 1.4373786394595258 19.494348496263477 2.650462429903342 7.5308292670865224 10.05286419378457 12.923424058094986 7.062975249387713 29.3820238075011 3.755196461561609 5.726890534447598 24.75810547303801 3.216982651327494 5.839586564811185 9.157271989172367 12.275910949482654 11.846878475365646 10.526606865698929 6.760521076236103 4.21689974874785 0.3837714763321388 2.613049927605126 5.4749394153577295 3.040324066857629 1.9354660993108723 1.0239732950983997 11.476089672588598 34.59755002410755 10.715561670986549 0.6216370805339221 10.780459893758735 1.376162274701139 1.0872132130873415 10.745814121430946 9.079367553936722 9.038520876306332 3.430460463040019 9.699976027231566 2.7123116327485723 2.974656234772107 10.55468677366694 16.28376819697555 1.647671293378798 1.0225743043906699 0.33799275437604115 5.356059084177902 35.38788390978381 28.481075746977766 0.35008400043733634 4.300648189631576 0.35530282970223137 1.1152669990210948 0.7401024212738261 8.955090811552942 0.6317839782751302 5.063154397813097 6.0066966570998055 18.07623146088374 5.120800901353393 20.29329440853757 3.065299740041893 16.554908713386457 2.8547574412326537 1.5190097454372697 13.018107150200045 1.6842115520683112 17.037607916465404 2.713902929295596 18.131077865226924 2.9622414488246065 39.11054222856586 7.041616547374646 10.994204335744511 28.72034581970813 2.0860162585964477 6.413250703652233 9.131643076504917 13.154745685292706 12.101099663427181 4.340037971969834 25.371476707527606 0.016150509823358597 1.291659439279678 3.9032360203530687 19.055656424302448 5.202471881592157 1.3319650537262553 16.69272172987678 25.20054230956196 13.877386585525572 52.650692105922055 8.422312175731394 23.93653412838445 10.827257298083827 0.7663994757585991 9.859638482599792 1.6092602887978902 6.6739818108801465 11.482503651209733 56.60644588756432 22.694907686986046 1.566167997524375 3.223797564703446 5.4590393811856845 17.303356419819007 30.50027960535634 11.317530868003491 6.517091075410684 2.8349514959788396 24.675852829101622 2.0838950961740967 32.93585564461071 13.649538017193342 6.404075893784005 0.9533062836151124 10.042658377041136 0.5850866032235451 3.9676106442356813 13.077950700233952 3.040761571597723
7
28
0 0 0
0 1 183.687809022389
0 2 302.1886383840983
0 3 474.90334144940647
0 4 407.0163067805237
0 5 97.3757093261779
0 6 456.10075010735363
1 1 0
1 2 305.9697599890892
1 3 105.48471529748961
1 4 122.87747607448868
1 5 135.16123980176553
1 6 307.7968316818971
2 2 0
2 3 83.26909657695134
2 4 85.2078173778053
2 5 138.22946567274542
2 6 63.60896109423839
3 3 0
3 4 495.2315759803188
3 5 181.74432765298863
3 6 90.33404743485342
4 4 0
4 5 472.62085546514544
4 6 175.15774338943217
5 5 0
5 6 40.99229299070768
6 6 0
100 300 200 700 700 800 400
